0 10 9.362490384495949 9.210445230035651 [inf] [inf]
0 20 9.366412419083634 9.190694436413358 [inf] [inf]
0 30 9.366981181334989 9.173097356538806 [inf] [inf]
0 40 9.366584223353954 9.16404914486051 [inf] [inf]
0 50 9.366121826283928 9.1597907795194 [inf] [inf]
0 60 9.364146084954687 9.156256813901102 [inf] [inf]
0 70 9.364140970525083 9.15417254639654 [inf] [inf]
0 80 9.363195916761034 9.153196476400346 [inf] [inf]
0 90 9.364081007036527 9.152676603406844 [inf] [inf]
0 99 9.36335509458081 9.153054764380759 [inf] [inf]
