1 10 5.792139982907479 5.494726509955766 [-13.915365695760704] [-33.12974077086736]
1 20 5.7982180203428175 5.4508082238979565 [-13.915365695760704] [-33.12974077086736]
1 30 5.794558103493793 5.425128040211162 [-13.915365695760704] [-33.12974077086736]
1 40 5.78772784232975 5.4155859810766875 [-13.915365695760704] [-33.12974077086736]
1 50 5.792084681419111 5.405606592012275 [-13.915365695760704] [-33.12974077086736]
1 60 5.790172827198061 5.403244487347005 [-13.915365695760704] [-33.12974077086736]
1 70 5.791890981647804 5.398700179736843 [-13.915365695760704] [-33.12974077086736]
1 80 5.794029262851498 5.394526844249033 [-13.915365695760704] [-33.12974077086736]
1 90 5.792538885694034 5.391975488209294 [-13.915365695760704] [-33.12974077086736]
1 99 5.791323170305049 5.393312560789661 [-13.915365695760704] [-33.12974077086736]
