2 10 4.148096998595513 3.7403265817483664 [-4.9760756584188] [-30.53803308391151]
2 20 4.15414123713442 3.6427433332261856 [-4.9760756584188] [-30.53803308391151]
2 30 4.155705096307431 3.600607850739991 [-4.9760756584188] [-30.53803308391151]
2 40 4.146919725395545 3.5793043238892097 [-4.9760756584188] [-30.53803308391151]
2 50 4.1391993428901825 3.563946760786377 [-4.9760756584188] [-30.53803308391151]
2 60 4.1351619262328025 3.5507999461880377 [-4.9760756584188] [-30.53803308391151]
2 70 4.1301749328523485 3.5344015014328525 [-4.9760756584188] [-30.53803308391151]
2 80 4.130572594791123 3.527955029458027 [-4.9760756584188] [-30.53803308391151]
2 90 4.127784348608681 3.525282648095744 [-4.9760756584188] [-30.53803308391151]
2 99 4.125136402564855 3.5211632045956462 [-4.9760756584188] [-30.53803308391151]
