7 10 2.9011558020551296 2.2985761869102936 [-0.4221983199090991] [-26.557098545050888]
7 20 2.8616236222482434 2.080567978785919 [-0.4221983199090991] [-26.557098545050888]
7 30 2.8728449065671473 1.9896086217654203 [-0.4221983199090991] [-26.557098545050888]
7 40 2.8763853898341463 1.934902359848345 [-0.4221983199090991] [-26.557098545050888]
7 50 2.8696465399969995 1.9151107388487412 [-0.4221983199090991] [-26.557098545050888]
7 60 2.8653428992637617 1.887956414772512 [-0.4221983199090991] [-26.557098545050888]
7 70 2.8641528175353246 1.8720673705885398 [-0.4221983199090991] [-26.557098545050888]
7 80 2.857634390675416 1.8636824336682873 [-0.4221983199090991] [-26.557098545050888]
7 90 2.8588750289563616 1.855501444494128 [-0.4221983199090991] [-26.557098545050888]
7 99 2.859136564258968 1.8633676676531234 [-0.4221983199090991] [-26.557098545050888]
