3 10 3.5320772871180592 3.0293153276673297 [-2.499295292387769] [-29.154543740422838]
3 20 3.509909443412383 2.877755249463297 [-2.499295292387769] [-29.154543740422838]
3 30 3.5009914732065686 2.828389235798142 [-2.499295292387769] [-29.154543740422838]
3 40 3.500496325738166 2.8099928542188075 [-2.499295292387769] [-29.154543740422838]
3 50 3.5045486076218513 2.7991027053405766 [-2.499295292387769] [-29.154543740422838]
3 60 3.503379833179021 2.7866868647228333 [-2.499295292387769] [-29.154543740422838]
3 70 3.504166388867033 2.781243655083723 [-2.499295292387769] [-29.154543740422838]
3 80 3.503551335566948 2.77447978164554 [-2.499295292387769] [-29.154543740422838]
3 90 3.5008272738684334 2.7640068430151064 [-2.499295292387769] [-29.154543740422838]
3 99 3.499093324513461 2.7569841703060254 [-2.499295292387769] [-29.154543740422838]
