6 10 2.9377015729845803 2.449391069982862 [-0.6360032567378214] [-28.102274484791582]
6 20 2.9042382920699366 2.2252492726665314 [-0.6360032567378214] [-28.102274484791582]
6 30 2.9095819686935047 2.1357561220691417 [-0.6360032567378214] [-28.102274484791582]
6 40 2.9145800067383663 2.0853714299981605 [-0.6360032567378214] [-28.102274484791582]
6 50 2.9182975952182697 2.076253285807295 [-0.6360032567378214] [-28.102274484791582]
6 60 2.917026442911688 2.0496138540431756 [-0.6360032567378214] [-28.102274484791582]
6 70 2.9253735410491952 2.0472949327299594 [-0.6360032567378214] [-28.102274484791582]
6 80 2.9263030299501716 2.0356864481811914 [-0.6360032567378214] [-28.102274484791582]
6 90 2.9285995913184015 2.0272298254709935 [-0.6360032567378214] [-28.102274484791582]
6 99 2.9256619227297445 2.020113361271967 [-0.6360032567378214] [-28.102274484791582]
