5 10 3.098284500498477 2.6005036029200683 [-0.9895650670412539] [-30.92430680098095]
5 20 3.0845519518672435 2.3898068334835783 [-0.9895650670412539] [-30.92430680098095]
5 30 3.087363767268222 2.3353200626736546 [-0.9895650670412539] [-30.92430680098095]
5 40 3.0913515203112554 2.298024085675902 [-0.9895650670412539] [-30.92430680098095]
5 50 3.0867426771907254 2.260470688830904 [-0.9895650670412539] [-30.92430680098095]
5 60 3.0895291749345004 2.254139266247695 [-0.9895650670412539] [-30.92430680098095]
5 70 3.0821718736612382 2.237054725183066 [-0.9895650670412539] [-30.92430680098095]
5 80 3.082810527590686 2.232515075404744 [-0.9895650670412539] [-30.92430680098095]
5 90 3.0816714021374874 2.222984545961056 [-0.9895650670412539] [-30.92430680098095]
5 99 3.083509323033721 2.2194229644430354 [-0.9895650670412539] [-30.92430680098095]
