4 10 3.243642645768033 2.75335134183158 [-1.4763462284730198] [-32.31953770563839]
4 20 3.258428986394355 2.592948110588701 [-1.4763462284730198] [-32.31953770563839]
4 30 3.2475803625198734 2.508648312614453 [-1.4763462284730198] [-32.31953770563839]
4 40 3.2432330132110896 2.480797109731113 [-1.4763462284730198] [-32.31953770563839]
4 50 3.244397798066989 2.476761235116722 [-1.4763462284730198] [-32.31953770563839]
4 60 3.248813745036861 2.459111488323702 [-1.4763462284730198] [-32.31953770563839]
4 70 3.2485569255734297 2.451531456896885 [-1.4763462284730198] [-32.31953770563839]
4 80 3.251304565679016 2.442232861479732 [-1.4763462284730198] [-32.31953770563839]
4 90 3.2476184303854323 2.433648363551859 [-1.4763462284730198] [-32.31953770563839]
4 99 3.2487595421891116 2.4247696452228014 [-1.4763462284730198] [-32.31953770563839]
