11 10 3.9649527493600836 4.687142153656038 [-1.9060139443984216] [-124.93887279664014]
11 20 3.8795532633010636 3.8163009805530566 [-1.9060139443984216] [-124.93887279664014]
11 30 3.886080377744469 3.434453494152635 [-1.9060139443984216] [-124.93887279664014]
11 40 3.8533642702813466 3.2232832509128233 [-1.9060139443984216] [-124.93887279664014]
11 50 3.845128428635148 3.0768824727131396 [-1.9060139443984216] [-124.93887279664014]
11 60 3.852811140106124 2.9754529713781515 [-1.9060139443984216] [-124.93887279664014]
11 70 3.8548679517807836 2.906651857651728 [-1.9060139443984216] [-124.93887279664014]
11 80 3.8482612384444224 2.8726344431255275 [-1.9060139443984216] [-124.93887279664014]
11 90 3.8488721187391386 2.8453171005890208 [-1.9060139443984216] [-124.93887279664014]
11 99 3.8557592754683547 2.81801608710102 [-1.9060139443984216] [-124.93887279664014]
