10 10 4.116998370811674 4.4202586240643535 [-2.0604939047357194] [-108.08537501868824]
10 20 3.9773942537482956 3.7548629822239885 [-2.0604939047357194] [-108.08537501868824]
10 30 3.9859108959398855 3.456945200808824 [-2.0604939047357194] [-108.08537501868824]
10 40 3.9368295535316267 3.276979031985508 [-2.0604939047357194] [-108.08537501868824]
10 50 3.9271607952843675 3.154092599998863 [-2.0604939047357194] [-108.08537501868824]
10 60 3.907620908018079 3.07488527087471 [-2.0604939047357194] [-108.08537501868824]
10 70 3.887569163134307 3.0047004431277444 [-2.0604939047357194] [-108.08537501868824]
10 80 3.8763953108197486 2.9481740211616034 [-2.0604939047357194] [-108.08537501868824]
10 90 3.8847015895967307 2.9035577578277896 [-2.0604939047357194] [-108.08537501868824]
10 99 3.8864222702656397 2.877836063700699 [-2.0604939047357194] [-108.08537501868824]
