13 10 3.9517386524236797 4.626783145844839 [-1.6927370106551614] [-142.0009269929857]
13 20 3.913142902458625 3.7454862418189476 [-1.6927370106551614] [-142.0009269929857]
13 30 3.859577506209094 3.3625790335282892 [-1.6927370106551614] [-142.0009269929857]
13 40 3.8336560839001628 3.1363841526870435 [-1.6927370106551614] [-142.0009269929857]
13 50 3.826942885727319 3.0018084575608777 [-1.6927370106551614] [-142.0009269929857]
13 60 3.8302830390823797 2.91943257663718 [-1.6927370106551614] [-142.0009269929857]
13 70 3.8296349817101216 2.880453282805154 [-1.6927370106551614] [-142.0009269929857]
13 80 3.8226151675464726 2.8496646710655074 [-1.6927370106551614] [-142.0009269929857]
13 90 3.8241157952815437 2.8193450182156186 [-1.6927370106551614] [-142.0009269929857]
13 99 3.8249699000094726 2.7914321539922398 [-1.6927370106551614] [-142.0009269929857]
