4 10 4.834149319391015 4.553727308427334 [-6.963791624339703] [-53.18099182621045]
4 20 4.839165966026683 4.315706929728914 [-6.963791624339703] [-53.18099182621045]
4 30 4.844113348758578 4.266295258421183 [-6.963791624339703] [-53.18099182621045]
4 40 4.83580682268594 4.232789524979859 [-6.963791624339703] [-53.18099182621045]
4 50 4.835130056837807 4.215981081977239 [-6.963791624339703] [-53.18099182621045]
4 60 4.825762132315642 4.203388745799332 [-6.963791624339703] [-53.18099182621045]
4 70 4.831542803960111 4.188199135294582 [-6.963791624339703] [-53.18099182621045]
4 80 4.838003122553705 4.184418649143395 [-6.963791624339703] [-53.18099182621045]
4 90 4.841001603610869 4.184599488236434 [-6.963791624339703] [-53.18099182621045]
4 99 4.8416230283648565 4.183083874936673 [-6.963791624339703] [-53.18099182621045]
