9 10 4.241908944324543 4.773116347087041 [-2.2733203329953997] [-96.48628438711322]
9 20 4.02103026904612 3.979960161539776 [-2.2733203329953997] [-96.48628438711322]
9 30 3.948272044567615 3.6155740416763105 [-2.2733203329953997] [-96.48628438711322]
9 40 3.9210014664133808 3.4136822814497774 [-2.2733203329953997] [-96.48628438711322]
9 50 3.9212436639469774 3.285951402702655 [-2.2733203329953997] [-96.48628438711322]
9 60 3.9257598216837546 3.1854306936256545 [-2.2733203329953997] [-96.48628438711322]
9 70 3.924337598826523 3.1048946721725064 [-2.2733203329953997] [-96.48628438711322]
9 80 3.9153458015807012 3.056766671838649 [-2.2733203329953997] [-96.48628438711322]
9 90 3.9098091329339995 3.01830414092322 [-2.2733203329953997] [-96.48628438711322]
9 99 3.8981221186908894 2.981351664583192 [-2.2733203329953997] [-96.48628438711322]
