18 10 4.696975956872385 6.9588897554979345 [-1.4771818742145537] [-389.41727149236533]
18 20 4.273299248332076 5.486077850087959 [-1.4771818742145537] [-389.41727149236533]
18 30 4.165711777584744 4.765096952791584 [-1.4771818742145537] [-389.41727149236533]
18 40 4.069145596861656 4.321735694581701 [-1.4771818742145537] [-389.41727149236533]
18 50 4.0532122050610395 4.023487627072884 [-1.4771818742145537] [-389.41727149236533]
18 60 3.9998369179841395 3.7996865474059556 [-1.4771818742145537] [-389.41727149236533]
18 70 3.942474674655687 3.623968385661511 [-1.4771818742145537] [-389.41727149236533]
18 80 3.9349068044524826 3.488306500515852 [-1.4771818742145537] [-389.41727149236533]
18 90 3.931459230265396 3.3770168519960517 [-1.4771818742145537] [-389.41727149236533]
18 99 3.9245421176041453 3.285844219669696 [-1.4771818742145537] [-389.41727149236533]
