5 10 4.494423658605659 4.356052523854287 [-4.934489067105572] [-55.965572845955414]
5 20 4.3705926498144265 3.958112134078777 [-4.934489067105572] [-55.965572845955414]
5 30 4.365349310636184 3.789225229789988 [-4.934489067105572] [-55.965572845955414]
5 40 4.363667906476045 3.7177204453496513 [-4.934489067105572] [-55.965572845955414]
5 50 4.358862723111714 3.6764991650791154 [-4.934489067105572] [-55.965572845955414]
5 60 4.359236279481929 3.641935404705289 [-4.934489067105572] [-55.965572845955414]
5 70 4.363188047220035 3.6136419219748257 [-4.934489067105572] [-55.965572845955414]
5 80 4.359521604677817 3.592440110390667 [-4.934489067105572] [-55.965572845955414]
5 90 4.362569824327078 3.586894366696352 [-4.934489067105572] [-55.965572845955414]
5 99 4.36249058106493 3.5821071212480757 [-4.934489067105572] [-55.965572845955414]
