8 10 4.146567334631531 4.369000115682515 [-2.4084392115118036] [-87.23746102171582]
8 20 4.037092719594001 3.704644484242546 [-2.4084392115118036] [-87.23746102171582]
8 30 4.033734922587106 3.456630074573285 [-2.4084392115118036] [-87.23746102171582]
8 40 3.9892150061962566 3.3109881891805326 [-2.4084392115118036] [-87.23746102171582]
8 50 3.96498584620449 3.208961581237135 [-2.4084392115118036] [-87.23746102171582]
8 60 3.9647130236454364 3.1250122842849315 [-2.4084392115118036] [-87.23746102171582]
8 70 3.9520826232296975 3.07060632533811 [-2.4084392115118036] [-87.23746102171582]
8 80 3.9503498476363137 3.0228413431050405 [-2.4084392115118036] [-87.23746102171582]
8 90 3.9321966704901166 2.985179225072928 [-2.4084392115118036] [-87.23746102171582]
8 99 3.925138121770784 2.953143642034194 [-2.4084392115118036] [-87.23746102171582]
