15 10 3.9299590791177583 4.960623587707 [-1.5687955891406107] [-183.81245068090934]
15 20 3.8798170819769555 3.9825162591880012 [-1.5687955891406107] [-183.81245068090934]
15 30 3.840122890632082 3.5655872898949568 [-1.5687955891406107] [-183.81245068090934]
15 40 3.827171561627045 3.31441157466877 [-1.5687955891406107] [-183.81245068090934]
15 50 3.8348977928414865 3.1549049091027768 [-1.5687955891406107] [-183.81245068090934]
15 60 3.8264238972959568 3.041684979077992 [-1.5687955891406107] [-183.81245068090934]
15 70 3.8099824705116907 2.9613920665421145 [-1.5687955891406107] [-183.81245068090934]
15 80 3.805186636790024 2.894666377599383 [-1.5687955891406107] [-183.81245068090934]
15 90 3.8071166119268316 2.8387623736265915 [-1.5687955891406107] [-183.81245068090934]
15 99 3.8003981082684817 2.7932620007443973 [-1.5687955891406107] [-183.81245068090934]
