2 10 6.154453402739809 6.139619487935553 [-15.349694570282985] [-82.8935407088506]
2 20 6.112423819780816 5.86457865593155 [-15.349694570282985] [-82.8935407088506]
2 30 6.088759584944758 5.750926645030365 [-15.349694570282985] [-82.8935407088506]
2 40 6.086343648686805 5.693086372430907 [-15.349694570282985] [-82.8935407088506]
2 50 6.088265372135483 5.662199624375252 [-15.349694570282985] [-82.8935407088506]
2 60 6.078487604822539 5.637244571521322 [-15.349694570282985] [-82.8935407088506]
2 70 6.07401573126413 5.620948562235901 [-15.349694570282985] [-82.8935407088506]
2 80 6.073941066785981 5.610411213338887 [-15.349694570282985] [-82.8935407088506]
2 90 6.0777784740810885 5.60230171164184 [-15.349694570282985] [-82.8935407088506]
2 99 6.077351455873268 5.598782144655841 [-15.349694570282985] [-82.8935407088506]
