0 10 11.279282752358732 11.690997160151564 [inf] [inf]
0 20 11.238762957093169 11.326739394932659 [inf] [inf]
0 30 11.238104933758336 11.201158816448148 [inf] [inf]
0 40 11.233352457872968 11.13729664278102 [inf] [inf]
0 50 11.236033722760828 11.0995197029583 [inf] [inf]
0 60 11.236192180476149 11.074448667331 [inf] [inf]
0 70 11.2345598484487 11.055512453160288 [inf] [inf]
0 80 11.233174388234762 11.043249180892426 [inf] [inf]
0 90 11.230766017241793 11.032352042768993 [inf] [inf]
0 99 11.230327592211976 11.022804587056555 [inf] [inf]
