3 10 5.376197006050413 5.10892102665273 [-10.250828505684979] [-57.99149705381634]
3 20 5.374377366975857 4.952830005841959 [-10.250828505684979] [-57.99149705381634]
3 30 5.3855204763280105 4.912589706340225 [-10.250828505684979] [-57.99149705381634]
3 40 5.377847787611747 4.875727851771976 [-10.250828505684979] [-57.99149705381634]
3 50 5.382778998128106 4.858394124103476 [-10.250828505684979] [-57.99149705381634]
3 60 5.391910036333108 4.841709690861143 [-10.250828505684979] [-57.99149705381634]
3 70 5.385595668582085 4.831791754909261 [-10.250828505684979] [-57.99149705381634]
3 80 5.384366619403506 4.8226250789427 [-10.250828505684979] [-57.99149705381634]
3 90 5.3837440090923305 4.819848187489789 [-10.250828505684979] [-57.99149705381634]
3 99 5.384409976645895 4.813131811017302 [-10.250828505684979] [-57.99149705381634]
