17 10 4.396394125446381 5.969259395396032 [-1.5007170357333481] [-326.2030722176794]
17 20 4.1096636865783 4.741797926103549 [-1.5007170357333481] [-326.2030722176794]
17 30 4.065246605650625 4.167938874623976 [-1.5007170357333481] [-326.2030722176794]
17 40 4.0384191846696655 3.8216594467705813 [-1.5007170357333481] [-326.2030722176794]
17 50 4.001286300705552 3.590913976810682 [-1.5007170357333481] [-326.2030722176794]
17 60 3.9501602042955506 3.420649630247529 [-1.5007170357333481] [-326.2030722176794]
17 70 3.9311209073569566 3.2930992640378123 [-1.5007170357333481] [-326.2030722176794]
17 80 3.914490083507545 3.183512387298718 [-1.5007170357333481] [-326.2030722176794]
17 90 3.9193440525439525 3.0904834375678685 [-1.5007170357333481] [-326.2030722176794]
17 99 3.9258523713891673 3.0175877936771305 [-1.5007170357333481] [-326.2030722176794]
