19 10 4.535713029276832 6.862540398787833 [-1.4661590962300097] [-433.21370029518124]
19 20 4.288856007035217 5.363582847836175 [-1.4661590962300097] [-433.21370029518124]
19 30 4.15783579742259 4.686856199373964 [-1.4661590962300097] [-433.21370029518124]
19 40 4.083537229298563 4.274159159317594 [-1.4661590962300097] [-433.21370029518124]
19 50 4.03637681584665 3.983359801397362 [-1.4661590962300097] [-433.21370029518124]
19 60 4.0061816825628025 3.769884642254135 [-1.4661590962300097] [-433.21370029518124]
19 70 3.969540665467745 3.6079038341182494 [-1.4661590962300097] [-433.21370029518124]
19 80 3.973754651376537 3.4707061744047167 [-1.4661590962300097] [-433.21370029518124]
19 90 3.9609555314188167 3.3569991295186017 [-1.4661590962300097] [-433.21370029518124]
19 99 3.9485328470472525 3.2743587023174756 [-1.4661590962300097] [-433.21370029518124]
