7 10 4.267920411933813 4.4388812600084915 [-2.8137993531207406] [-83.53769625184543]
7 20 4.137916505378134 3.824014434068815 [-2.8137993531207406] [-83.53769625184543]
7 30 4.10422136839757 3.5531084425809425 [-2.8137993531207406] [-83.53769625184543]
7 40 4.077749834033055 3.4189190188599508 [-2.8137993531207406] [-83.53769625184543]
7 50 4.055031246614752 3.3362371073305357 [-2.8137993531207406] [-83.53769625184543]
7 60 4.041306927615317 3.2719595008865023 [-2.8137993531207406] [-83.53769625184543]
7 70 4.044067316555965 3.2236491894198327 [-2.8137993531207406] [-83.53769625184543]
7 80 4.0336000373447 3.1825677111754835 [-2.8137993531207406] [-83.53769625184543]
7 90 4.028881113282265 3.1524484963151704 [-2.8137993531207406] [-83.53769625184543]
7 99 4.026045020285131 3.1239633600864942 [-2.8137993531207406] [-83.53769625184543]
