16 10 4.322327703677906 5.592877869491128 [-1.5249226876494097] [-230.47084944464925]
16 20 4.011960661735772 4.445381157659511 [-1.5249226876494097] [-230.47084944464925]
16 30 3.902486084438855 3.9165077473869108 [-1.5249226876494097] [-230.47084944464925]
16 40 3.900196994313313 3.597608570399653 [-1.5249226876494097] [-230.47084944464925]
16 50 3.902688522425852 3.385480572609876 [-1.5249226876494097] [-230.47084944464925]
16 60 3.8776049162151227 3.2404652956614477 [-1.5249226876494097] [-230.47084944464925]
16 70 3.868160161019869 3.1321003843000224 [-1.5249226876494097] [-230.47084944464925]
16 80 3.8771299610148087 3.0521707735147783 [-1.5249226876494097] [-230.47084944464925]
16 90 3.856585946775231 2.9824610138556116 [-1.5249226876494097] [-230.47084944464925]
16 99 3.857275893472055 2.924034703069236 [-1.5249226876494097] [-230.47084944464925]
