12 10 4.045207775159434 4.462941801402757 [-1.7706894520054608] [-127.71096026960606]
12 20 3.905516214200924 3.7481546788581834 [-1.7706894520054608] [-127.71096026960606]
12 30 3.856735884433358 3.429729048853937 [-1.7706894520054608] [-127.71096026960606]
12 40 3.8582842077510127 3.2405147529518374 [-1.7706894520054608] [-127.71096026960606]
12 50 3.8596683876526545 3.106314460373666 [-1.7706894520054608] [-127.71096026960606]
12 60 3.846115977366635 3.003926853925028 [-1.7706894520054608] [-127.71096026960606]
12 70 3.832417889138146 2.9296790090549996 [-1.7706894520054608] [-127.71096026960606]
12 80 3.8319525241852372 2.880371106861426 [-1.7706894520054608] [-127.71096026960606]
12 90 3.8361863994704106 2.838634842424777 [-1.7706894520054608] [-127.71096026960606]
12 99 3.8373104627362338 2.798521202973857 [-1.7706894520054608] [-127.71096026960606]
