1 10 7.644927265142166 7.682318882594571 [-34.130731967179564] [-108.09348503994003]
1 20 7.619433609941924 7.44791693078707 [-34.130731967179564] [-108.09348503994003]
1 30 7.616233650727595 7.367546403996938 [-34.130731967179564] [-108.09348503994003]
1 40 7.614059665505665 7.3229242768406015 [-34.130731967179564] [-108.09348503994003]
1 50 7.617269143315994 7.298897106212906 [-34.130731967179564] [-108.09348503994003]
1 60 7.621000751168528 7.292172475588501 [-34.130731967179564] [-108.09348503994003]
1 70 7.617541669625036 7.277584473323653 [-34.130731967179564] [-108.09348503994003]
1 80 7.616907328847914 7.266418753858913 [-34.130731967179564] [-108.09348503994003]
1 90 7.6189746937384335 7.260777979860147 [-34.130731967179564] [-108.09348503994003]
1 99 7.616560357604354 7.254448682799401 [-34.130731967179564] [-108.09348503994003]
