14 10 3.8249663428801637 4.506624619329578 [-1.6220081457047915] [-150.67740868849654]
14 20 3.824807076455075 3.6901507638175577 [-1.6220081457047915] [-150.67740868849654]
14 30 3.831527678781735 3.3614879458403433 [-1.6220081457047915] [-150.67740868849654]
14 40 3.830808120065191 3.1629170149403762 [-1.6220081457047915] [-150.67740868849654]
14 50 3.830415020547186 3.0350612158256243 [-1.6220081457047915] [-150.67740868849654]
14 60 3.828558937817604 2.9615815998471704 [-1.6220081457047915] [-150.67740868849654]
14 70 3.83758454712836 2.895139779396297 [-1.6220081457047915] [-150.67740868849654]
14 80 3.828504246552292 2.85348084036984 [-1.6220081457047915] [-150.67740868849654]
14 90 3.828026834372355 2.8133746542295204 [-1.6220081457047915] [-150.67740868849654]
14 99 3.828167717104267 2.772384211576995 [-1.6220081457047915] [-150.67740868849654]
