6 10 4.3082838625342355 4.221918002915694 [-3.455410927014578] [-72.91554642343704]
6 20 4.163492170361692 3.7356380068941815 [-3.455410927014578] [-72.91554642343704]
6 30 4.127285785493956 3.5182394120860923 [-3.455410927014578] [-72.91554642343704]
6 40 4.104874503187878 3.407482389424835 [-3.455410927014578] [-72.91554642343704]
6 50 4.107979621425706 3.345770477432233 [-3.455410927014578] [-72.91554642343704]
6 60 4.104235723205635 3.29669157336849 [-3.455410927014578] [-72.91554642343704]
6 70 4.102761810464351 3.258354227490994 [-3.455410927014578] [-72.91554642343704]
6 80 4.106442278226098 3.2211234885383933 [-3.455410927014578] [-72.91554642343704]
6 90 4.106364939816309 3.197376940446902 [-3.455410927014578] [-72.91554642343704]
6 99 4.108433442956297 3.179681668697423 [-3.455410927014578] [-72.91554642343704]
