0 10 4.380625824854109 7.309399007475068 [inf] [inf]
0 20 4.191752176510384 5.613945312665865 [inf] [inf]
0 30 4.006936904813157 4.822810460152767 [inf] [inf]
0 40 3.9509192987279373 4.344344488679801 [inf] [inf]
0 50 3.977569721522904 4.021568369695135 [inf] [inf]
0 60 3.988078030526523 3.787583864588708 [inf] [inf]
0 70 3.9441527402162664 3.600360016832626 [inf] [inf]
0 80 3.9523380776481023 3.4511345852347057 [inf] [inf]
0 90 3.930235050804374 3.32549939707963 [inf] [inf]
0 99 3.935722312740133 3.2237184568302197 [inf] [inf]
