5 10 4.683108220472018 5.572402855497363 [-0.7150552528736452] [-2376.014551900812]
5 20 4.430751046948227 4.5091599917338785 [-0.7150552528736452] [-2376.014551900812]
5 30 4.269262479123767 4.004679275061904 [-0.7150552528736452] [-2376.014551900812]
5 40 4.213816765433558 3.6936646023327038 [-0.7150552528736452] [-2376.014551900812]
5 50 4.152637530327296 3.4783442495994477 [-0.7150552528736452] [-2376.014551900812]
5 60 4.130257307140725 3.310506448705479 [-0.7150552528736452] [-2376.014551900812]
5 70 4.146618487821539 3.1823439011255727 [-0.7150552528736452] [-2376.014551900812]
5 80 4.134747569519967 3.081582226449839 [-0.7150552528736452] [-2376.014551900812]
5 90 4.131427822493718 3.001874768671251 [-0.7150552528736452] [-2376.014551900812]
5 99 4.116492132326288 2.9333720050847965 [-0.7150552528736452] [-2376.014551900812]
