1 10 5.550159835207845 6.6924409554601825 [-9.622524146229315] [-2235.307430651087]
1 20 5.436477228526339 5.713085009812277 [-9.622524146229315] [-2235.307430651087]
1 30 5.374804545815145 5.3259628880598315 [-9.622524146229315] [-2235.307430651087]
1 40 5.368166452697657 5.127855565590843 [-9.622524146229315] [-2235.307430651087]
1 50 5.367792282753215 5.004309639881943 [-9.622524146229315] [-2235.307430651087]
1 60 5.370053600094165 4.9188225560547645 [-9.622524146229315] [-2235.307430651087]
1 70 5.371321144313889 4.861121354783762 [-9.622524146229315] [-2235.307430651087]
1 80 5.36136294940412 4.809390736881342 [-9.622524146229315] [-2235.307430651087]
1 90 5.366064164387517 4.774237562667682 [-9.622524146229315] [-2235.307430651087]
1 99 5.365967820842125 4.748901406553689 [-9.622524146229315] [-2235.307430651087]
