7 10 4.444705679570182 6.182154147753503 [-0.4865788274281252] [-2354.2567441614287]
7 20 4.3741018597711525 4.857767687764364 [-0.4865788274281252] [-2354.2567441614287]
7 30 4.215697647942584 4.255132729747981 [-0.4865788274281252] [-2354.2567441614287]
7 40 4.184948949718613 3.9065288074144555 [-0.4865788274281252] [-2354.2567441614287]
7 50 4.161100068184511 3.673825598650464 [-0.4865788274281252] [-2354.2567441614287]
7 60 4.163976423513455 3.5003445913724978 [-0.4865788274281252] [-2354.2567441614287]
7 70 4.141996886295361 3.371045349454825 [-0.4865788274281252] [-2354.2567441614287]
7 80 4.1297999403851975 3.2654448901588604 [-0.4865788274281252] [-2354.2567441614287]
7 90 4.119804822080791 3.1770438086438846 [-0.4865788274281252] [-2354.2567441614287]
7 99 4.1094427448435535 3.0995317840575907 [-0.4865788274281252] [-2354.2567441614287]
