2 10 5.136062471228076 6.475149265891448 [-5.3104499283932] [-2056.3653156635614]
2 20 4.964267554172206 5.367434107861205 [-5.3104499283932] [-2056.3653156635614]
2 30 4.962026486180677 4.877779108172884 [-5.3104499283932] [-2056.3653156635614]
2 40 4.974667915435323 4.608735735069729 [-5.3104499283932] [-2056.3653156635614]
2 50 4.988497299134592 4.451842683249837 [-5.3104499283932] [-2056.3653156635614]
2 60 4.9808240935189785 4.3468878264791835 [-5.3104499283932] [-2056.3653156635614]
2 70 4.9827366587928985 4.269467121164112 [-5.3104499283932] [-2056.3653156635614]
2 80 4.983411527653176 4.211437749151493 [-5.3104499283932] [-2056.3653156635614]
2 90 4.9922634843864575 4.165594387238422 [-5.3104499283932] [-2056.3653156635614]
2 99 4.994417201098653 4.133358745426673 [-5.3104499283932] [-2056.3653156635614]
