4 10 4.525922222429371 5.342364102632238 [-1.6497910319314235] [-1768.490409331356]
4 20 4.3422069698140735 4.360568979315404 [-1.6497910319314235] [-1768.490409331356]
4 30 4.307241075913255 3.9419371240258085 [-1.6497910319314235] [-1768.490409331356]
4 40 4.295801478656797 3.696104566273975 [-1.6497910319314235] [-1768.490409331356]
4 50 4.260157377782707 3.5330379523727657 [-1.6497910319314235] [-1768.490409331356]
4 60 4.230680048601106 3.394312162145419 [-1.6497910319314235] [-1768.490409331356]
4 70 4.238314237490625 3.2911759094991697 [-1.6497910319314235] [-1768.490409331356]
4 80 4.222505255770273 3.2221618110517314 [-1.6497910319314235] [-1768.490409331356]
4 90 4.2138415953138075 3.1668082654707996 [-1.6497910319314235] [-1768.490409331356]
4 99 4.212355816797077 3.1218884920768843 [-1.6497910319314235] [-1768.490409331356]
