8 10 4.864561268133323 6.060424262308144 [-0.493596270324749] [-2379.3262718110554]
8 20 4.415463609853368 4.883927686694467 [-0.493596270324749] [-2379.3262718110554]
8 30 4.289504135299893 4.309870784986713 [-0.493596270324749] [-2379.3262718110554]
8 40 4.283097945399973 3.9706320877607273 [-0.493596270324749] [-2379.3262718110554]
8 50 4.254592729769913 3.7363563695941533 [-0.493596270324749] [-2379.3262718110554]
8 60 4.215131161855198 3.5625779375859152 [-0.493596270324749] [-2379.3262718110554]
8 70 4.196928147087513 3.423295463976454 [-0.493596270324749] [-2379.3262718110554]
8 80 4.193824287819075 3.3131863032098745 [-0.493596270324749] [-2379.3262718110554]
8 90 4.197733658287511 3.2224823328029046 [-0.493596270324749] [-2379.3262718110554]
8 99 4.192004137464374 3.1445266214536485 [-0.493596270324749] [-2379.3262718110554]
