10 10 4.947312082681406 6.423008221756854 [-0.4252574912158319] [-2350.6124280608838]
10 20 4.543145243484514 5.154638387980733 [-0.4252574912158319] [-2350.6124280608838]
10 30 4.341670891667673 4.511682894678787 [-0.4252574912158319] [-2350.6124280608838]
10 40 4.307211249390655 4.134253587432103 [-0.4252574912158319] [-2350.6124280608838]
10 50 4.285947045930729 3.8810640724489973 [-0.4252574912158319] [-2350.6124280608838]
10 60 4.238478932521589 3.6865112169458802 [-0.4252574912158319] [-2350.6124280608838]
10 70 4.2380257826134855 3.5301225154496114 [-0.4252574912158319] [-2350.6124280608838]
10 80 4.249446054806391 3.411438605119236 [-0.4252574912158319] [-2350.6124280608838]
10 90 4.2052242837422655 3.312111685404456 [-0.4252574912158319] [-2350.6124280608838]
10 99 4.205107423962545 3.231249755757737 [-0.4252574912158319] [-2350.6124280608838]
