6 10 4.67670300052114 6.114104919309323 [-0.5404994743870172] [-2237.5386738903844]
6 20 4.294541553130869 4.812044912281831 [-0.5404994743870172] [-2237.5386738903844]
6 30 4.240014635761989 4.234122571994804 [-0.5404994743870172] [-2237.5386738903844]
6 40 4.1578841377313065 3.879468696165597 [-0.5404994743870172] [-2237.5386738903844]
6 50 4.107132625379994 3.6321973907154383 [-0.5404994743870172] [-2237.5386738903844]
6 60 4.1168419255234 3.4487204767080577 [-0.5404994743870172] [-2237.5386738903844]
6 70 4.0962030806292296 3.3083811774850984 [-0.5404994743870172] [-2237.5386738903844]
6 80 4.090134861489214 3.2009183023812198 [-0.5404994743870172] [-2237.5386738903844]
6 90 4.061090799423843 3.104224370996796 [-0.5404994743870172] [-2237.5386738903844]
6 99 4.0600023515111285 3.025521206892429 [-0.5404994743870172] [-2237.5386738903844]
