0 10 7.442692239662685 7.678525319812568 [inf] [inf]
0 20 7.380638575866801 7.22597862662401 [inf] [inf]
0 30 7.374371457789129 7.0609836124728425 [inf] [inf]
0 40 7.369565159128423 6.976727040535822 [inf] [inf]
0 50 7.3701546108876625 6.926391924737268 [inf] [inf]
0 60 7.368064188153503 6.890925944584794 [inf] [inf]
0 70 7.360856364164141 6.865844613475986 [inf] [inf]
0 80 7.352373939951562 6.843528733146287 [inf] [inf]
0 90 7.3525211504588 6.829649569952482 [inf] [inf]
0 99 7.352638674764692 6.818838497479578 [inf] [inf]
