11 10 4.812286381718457 6.402521133948825 [-0.4045478226229119] [-2375.9572680150127]
11 20 4.622666619732139 5.149188026342776 [-0.4045478226229119] [-2375.9572680150127]
11 30 4.44719836811119 4.5524821593622145 [-0.4045478226229119] [-2375.9572680150127]
11 40 4.398593610099382 4.19138787961245 [-0.4045478226229119] [-2375.9572680150127]
11 50 4.380602371099174 3.9343798624695134 [-0.4045478226229119] [-2375.9572680150127]
11 60 4.342787304468639 3.7427012353558182 [-0.4045478226229119] [-2375.9572680150127]
11 70 4.312252264363327 3.5842112675402014 [-0.4045478226229119] [-2375.9572680150127]
11 80 4.292764259954749 3.4556477816610154 [-0.4045478226229119] [-2375.9572680150127]
11 90 4.298183900334213 3.35487205536758 [-0.4045478226229119] [-2375.9572680150127]
11 99 4.296558664752146 3.273584794855795 [-0.4045478226229119] [-2375.9572680150127]
