3 10 4.824409341401491 5.71289817000637 [-3.2017900865152993] [-1909.8578755307344]
3 20 4.661869129288247 4.709100147220899 [-3.2017900865152993] [-1909.8578755307344]
3 30 4.60404708637107 4.305952702834795 [-3.2017900865152993] [-1909.8578755307344]
3 40 4.515776098669546 4.051027350701734 [-3.2017900865152993] [-1909.8578755307344]
3 50 4.512695678712047 3.8653922073882043 [-3.2017900865152993] [-1909.8578755307344]
3 60 4.506704616709473 3.730687216232107 [-3.2017900865152993] [-1909.8578755307344]
3 70 4.505586458701319 3.633538065580117 [-3.2017900865152993] [-1909.8578755307344]
3 80 4.498643756729877 3.5604827306780567 [-3.2017900865152993] [-1909.8578755307344]
3 90 4.502617731595027 3.506465876691813 [-3.2017900865152993] [-1909.8578755307344]
3 99 4.506351666923362 3.4599923858986297 [-3.2017900865152993] [-1909.8578755307344]
