9 10 4.767569661952759 6.3880056016962055 [-0.477029269602401] [-2379.538602646771]
9 20 4.498758276952146 5.087753057748721 [-0.477029269602401] [-2379.538602646771]
9 30 4.267704527237042 4.4516627487582925 [-0.477029269602401] [-2379.538602646771]
9 40 4.250028356081162 4.07173002756904 [-0.477029269602401] [-2379.538602646771]
9 50 4.226283672701436 3.8254785207686934 [-0.477029269602401] [-2379.538602646771]
9 60 4.2154028058354704 3.646267640952162 [-0.477029269602401] [-2379.538602646771]
9 70 4.141095674618362 3.5015443822897994 [-0.477029269602401] [-2379.538602646771]
9 80 4.133283608040285 3.381028806461242 [-0.477029269602401] [-2379.538602646771]
9 90 4.12139323752205 3.2777707517311923 [-0.477029269602401] [-2379.538602646771]
9 99 4.11112149085028 3.19128915080372 [-0.477029269602401] [-2379.538602646771]
