9 10 3.8156472487739803 3.6224350844924773 [-2.1975164508998226] [-47.49221705476966]
9 20 3.7722476990949483 3.1774789398048484 [-2.1975164508998226] [-47.49221705476966]
9 30 3.753529187100297 3.0257751641418578 [-2.1975164508998226] [-47.49221705476966]
9 40 3.7401852842666674 2.937006254417567 [-2.1975164508998226] [-47.49221705476966]
9 50 3.748562343714161 2.8959936946406084 [-2.1975164508998226] [-47.49221705476966]
9 60 3.751219295577132 2.8556118091172076 [-2.1975164508998226] [-47.49221705476966]
9 70 3.737849604796004 2.818923490318022 [-2.1975164508998226] [-47.49221705476966]
9 80 3.732416481188332 2.810661292826463 [-2.1975164508998226] [-47.49221705476966]
9 90 3.7317532846834096 2.7966341110005573 [-2.1975164508998226] [-47.49221705476966]
9 99 3.729608570388351 2.785510817658346 [-2.1975164508998226] [-47.49221705476966]
