1 10 7.294316671503271 7.289903164977276 [-30.625660420229583] [-84.82607964104481]
1 20 7.281102356307543 7.079967419482258 [-30.625660420229583] [-84.82607964104481]
1 30 7.285108287739559 7.0218302818380804 [-30.625660420229583] [-84.82607964104481]
1 40 7.286207378186227 6.98167252361848 [-30.625660420229583] [-84.82607964104481]
1 50 7.2857007205834154 6.9530092714748495 [-30.625660420229583] [-84.82607964104481]
1 60 7.285447541326028 6.938188690387033 [-30.625660420229583] [-84.82607964104481]
1 70 7.290321235239354 6.9303625332042325 [-30.625660420229583] [-84.82607964104481]
1 80 7.290336156105088 6.9222523642457885 [-30.625660420229583] [-84.82607964104481]
1 90 7.291610120513108 6.91668758322112 [-30.625660420229583] [-84.82607964104481]
1 99 7.290380417063795 6.912958224783202 [-30.625660420229583] [-84.82607964104481]
