13 10 3.9061867350097157 3.810875582723976 [-1.6847389279665834] [-84.45548241474839]
13 20 3.8197701659052843 3.2578922716993413 [-1.6847389279665834] [-84.45548241474839]
13 30 3.8058613531437264 3.0217234781301117 [-1.6847389279665834] [-84.45548241474839]
13 40 3.768713348171226 2.886494023746263 [-1.6847389279665834] [-84.45548241474839]
13 50 3.7575036245750817 2.8168709499951428 [-1.6847389279665834] [-84.45548241474839]
13 60 3.750503690006349 2.741762091900381 [-1.6847389279665834] [-84.45548241474839]
13 70 3.754823717839183 2.7031304207511644 [-1.6847389279665834] [-84.45548241474839]
13 80 3.7418676613788033 2.6765188147000147 [-1.6847389279665834] [-84.45548241474839]
13 90 3.7383273352314634 2.6575873020053056 [-1.6847389279665834] [-84.45548241474839]
13 99 3.7391749299430215 2.6365166582203177 [-1.6847389279665834] [-84.45548241474839]
