18 10 4.141326298618569 5.236191503532448 [-1.4480103981298844] [-170.4781697436905]
18 20 3.9271590909559895 4.1825825074935725 [-1.4480103981298844] [-170.4781697436905]
18 30 3.8927298556996766 3.692077214845335 [-1.4480103981298844] [-170.4781697436905]
18 40 3.8874281436297284 3.420137465027677 [-1.4480103981298844] [-170.4781697436905]
18 50 3.8754265632553833 3.2454332288646586 [-1.4480103981298844] [-170.4781697436905]
18 60 3.8568075815063656 3.116169036243574 [-1.4480103981298844] [-170.4781697436905]
18 70 3.846713853535923 3.018009783800198 [-1.4480103981298844] [-170.4781697436905]
18 80 3.8355230974367385 2.945681900883211 [-1.4480103981298844] [-170.4781697436905]
18 90 3.8391020801135602 2.886783010732212 [-1.4480103981298844] [-170.4781697436905]
18 99 3.824564327856247 2.8369129251904903 [-1.4480103981298844] [-170.4781697436905]
