5 10 4.336791058460728 4.031411970484629 [-4.683357193173186] [-35.296607224183106]
5 20 4.273384191314102 3.7964362553058386 [-4.683357193173186] [-35.296607224183106]
5 30 4.2802214423683695 3.7010142121235887 [-4.683357193173186] [-35.296607224183106]
5 40 4.271402452586837 3.6526952523617373 [-4.683357193173186] [-35.296607224183106]
5 50 4.264270971454524 3.5999345026057843 [-4.683357193173186] [-35.296607224183106]
5 60 4.25546464876337 3.5644552991552114 [-4.683357193173186] [-35.296607224183106]
5 70 4.249833394801296 3.5455615645160243 [-4.683357193173186] [-35.296607224183106]
5 80 4.247491077508332 3.531554432838302 [-4.683357193173186] [-35.296607224183106]
5 90 4.2510544536207115 3.525386237988896 [-4.683357193173186] [-35.296607224183106]
5 99 4.248382623795306 3.5133992543123678 [-4.683357193173186] [-35.296607224183106]
