14 10 3.7281957399688173 4.149387915446653 [-1.6078995234481595] [-93.08730162637848]
14 20 3.691769260763874 3.4184761332138924 [-1.6078995234481595] [-93.08730162637848]
14 30 3.7170757126861362 3.1122982754850033 [-1.6078995234481595] [-93.08730162637848]
14 40 3.7300207180193934 2.9727541150156434 [-1.6078995234481595] [-93.08730162637848]
14 50 3.734805453639362 2.892410866637446 [-1.6078995234481595] [-93.08730162637848]
14 60 3.7357877367231236 2.8155880340979786 [-1.6078995234481595] [-93.08730162637848]
14 70 3.741363696274654 2.7485902516100134 [-1.6078995234481595] [-93.08730162637848]
14 80 3.7277183821118993 2.7160855157210846 [-1.6078995234481595] [-93.08730162637848]
14 90 3.7226128408781665 2.6829324539818855 [-1.6078995234481595] [-93.08730162637848]
14 99 3.7273482061153977 2.663121985448271 [-1.6078995234481595] [-93.08730162637848]
