19 10 4.362311895404425 5.62383853777989 [-1.4427286492805924] [-202.05184850780867]
19 20 4.178672519975164 4.50155147149365 [-1.4427286492805924] [-202.05184850780867]
19 30 4.059204124566571 4.013337955605245 [-1.4427286492805924] [-202.05184850780867]
19 40 3.9905723916461118 3.709983323126428 [-1.4427286492805924] [-202.05184850780867]
19 50 3.9625806957109884 3.487315131276078 [-1.4427286492805924] [-202.05184850780867]
19 60 3.95196513335321 3.329700298031112 [-1.4427286492805924] [-202.05184850780867]
19 70 3.929197084504592 3.2152372674084155 [-1.4427286492805924] [-202.05184850780867]
19 80 3.9262684852804837 3.137775284776314 [-1.4427286492805924] [-202.05184850780867]
19 90 3.916943147295698 3.0741866158186566 [-1.4427286492805924] [-202.05184850780867]
19 99 3.9115419947038665 3.0183471210666086 [-1.4427286492805924] [-202.05184850780867]
