4 10 4.643445122385387 4.436468261216973 [-6.196729055933182] [-40.68132963473478]
4 20 4.629333474736724 4.16758815330985 [-6.196729055933182] [-40.68132963473478]
4 30 4.628629882136892 4.074071108409803 [-6.196729055933182] [-40.68132963473478]
4 40 4.6214221708585415 4.024037017583818 [-6.196729055933182] [-40.68132963473478]
4 50 4.612005757471537 3.993367433889439 [-6.196729055933182] [-40.68132963473478]
4 60 4.608666740383926 3.973357877238157 [-6.196729055933182] [-40.68132963473478]
4 70 4.609389098506937 3.9587170817513098 [-6.196729055933182] [-40.68132963473478]
4 80 4.614906422150676 3.941247102389175 [-6.196729055933182] [-40.68132963473478]
4 90 4.610771510401157 3.9338677494178405 [-6.196729055933182] [-40.68132963473478]
4 99 4.609073707426567 3.9288597632839135 [-6.196729055933182] [-40.68132963473478]
