2 10 5.736954677396276 5.541060225297925 [-13.133431818560624] [-53.55630417676981]
2 20 5.707537069623472 5.380834815730484 [-13.133431818560624] [-53.55630417676981]
2 30 5.712485644287853 5.339856833209799 [-13.133431818560624] [-53.55630417676981]
2 40 5.706631598328774 5.307157062449158 [-13.133431818560624] [-53.55630417676981]
2 50 5.704089583717526 5.2831684381946475 [-13.133431818560624] [-53.55630417676981]
2 60 5.699516776738561 5.265389075404989 [-13.133431818560624] [-53.55630417676981]
2 70 5.69830849700608 5.25197651679104 [-13.133431818560624] [-53.55630417676981]
2 80 5.702763427279513 5.249314213289654 [-13.133431818560624] [-53.55630417676981]
2 90 5.703407223874293 5.250555108630131 [-13.133431818560624] [-53.55630417676981]
2 99 5.703856911888645 5.245425827678855 [-13.133431818560624] [-53.55630417676981]
