12 10 3.9457575865685546 4.234537633778991 [-1.7837355050444996] [-74.22198143916442]
12 20 3.887615818317183 3.555996968673151 [-1.7837355050444996] [-74.22198143916442]
12 30 3.7992302500256927 3.2679398111972175 [-1.7837355050444996] [-74.22198143916442]
12 40 3.8067951504744997 3.104350243987056 [-1.7837355050444996] [-74.22198143916442]
12 50 3.812760165011618 2.992393388304387 [-1.7837355050444996] [-74.22198143916442]
12 60 3.7981285440596286 2.913347826007011 [-1.7837355050444996] [-74.22198143916442]
12 70 3.789862568260322 2.8524404373763894 [-1.7837355050444996] [-74.22198143916442]
12 80 3.7809394701794767 2.8066808354486708 [-1.7837355050444996] [-74.22198143916442]
12 90 3.780463513299706 2.782580321168713 [-1.7837355050444996] [-74.22198143916442]
12 99 3.7700048407356377 2.7528356000032215 [-1.7837355050444996] [-74.22198143916442]
