3 10 5.1354891212236256 4.967591117960727 [-9.164721584021798] [-42.678215529758425]
3 20 5.093262849327544 4.754513307275146 [-9.164721584021798] [-42.678215529758425]
3 30 5.101173860237152 4.685743986047138 [-9.164721584021798] [-42.678215529758425]
3 40 5.106431473314519 4.653409619219479 [-9.164721584021798] [-42.678215529758425]
3 50 5.106009495590851 4.634467120934211 [-9.164721584021798] [-42.678215529758425]
3 60 5.106504238578688 4.616841226254702 [-9.164721584021798] [-42.678215529758425]
3 70 5.104069162346996 4.614701426589694 [-9.164721584021798] [-42.678215529758425]
3 80 5.108483771004387 4.614037665404147 [-9.164721584021798] [-42.678215529758425]
3 90 5.109416210851534 4.612498920180934 [-9.164721584021798] [-42.678215529758425]
3 99 5.109419716111354 4.607206359088345 [-9.164721584021798] [-42.678215529758425]
