8 10 3.96016616595152 3.672675760567315 [-2.579920882515928] [-42.98347076476754]
8 20 3.8521583773850083 3.252839372517819 [-2.579920882515928] [-42.98347076476754]
8 30 3.8453549979194706 3.0951872477444455 [-2.579920882515928] [-42.98347076476754]
8 40 3.8313097317920204 3.0073780700463297 [-2.579920882515928] [-42.98347076476754]
8 50 3.8267678193087358 2.955746144955558 [-2.579920882515928] [-42.98347076476754]
8 60 3.8206790085794107 2.91983737415221 [-2.579920882515928] [-42.98347076476754]
8 70 3.8202308106208864 2.887522321366533 [-2.579920882515928] [-42.98347076476754]
8 80 3.8277409418590698 2.870137526144374 [-2.579920882515928] [-42.98347076476754]
8 90 3.824132342390129 2.8667922440251465 [-2.579920882515928] [-42.98347076476754]
8 99 3.822584066164661 2.859707700972281 [-2.579920882515928] [-42.98347076476754]
