17 10 4.412169898447269 4.732505875026989 [-1.4796951170635921] [-151.59743942066757]
17 20 4.066634818391537 3.9467225622633078 [-1.4796951170635921] [-151.59743942066757]
17 30 3.9327183342185044 3.5496448449360933 [-1.4796951170635921] [-151.59743942066757]
17 40 3.8716358569397022 3.297777767055552 [-1.4796951170635921] [-151.59743942066757]
17 50 3.8497420404618334 3.130173603434662 [-1.4796951170635921] [-151.59743942066757]
17 60 3.843107941881787 2.9995483498461835 [-1.4796951170635921] [-151.59743942066757]
17 70 3.836926567017311 2.9026212786631875 [-1.4796951170635921] [-151.59743942066757]
17 80 3.814612292545974 2.8263250785364407 [-1.4796951170635921] [-151.59743942066757]
17 90 3.817684717580475 2.7652403741223357 [-1.4796951170635921] [-151.59743942066757]
17 99 3.816761802136747 2.720133267009335 [-1.4796951170635921] [-151.59743942066757]
