11 10 3.821328243808578 3.913177227022716 [-1.914676487050756] [-64.03647150659158]
11 20 3.794653528757287 3.328904110520711 [-1.914676487050756] [-64.03647150659158]
11 30 3.7897941106409814 3.0816958101697747 [-1.914676487050756] [-64.03647150659158]
11 40 3.785865520059867 2.956197292007781 [-1.914676487050756] [-64.03647150659158]
11 50 3.765474799899569 2.8743253805928073 [-1.914676487050756] [-64.03647150659158]
11 60 3.757200055840233 2.8246445141990795 [-1.914676487050756] [-64.03647150659158]
11 70 3.7408974508779367 2.790300128257042 [-1.914676487050756] [-64.03647150659158]
11 80 3.7459583805761842 2.766762701254269 [-1.914676487050756] [-64.03647150659158]
11 90 3.7467181125253988 2.746308038827176 [-1.914676487050756] [-64.03647150659158]
11 99 3.7494897314597257 2.727953296511281 [-1.914676487050756] [-64.03647150659158]
