10 10 3.853783398811702 3.7679835604619933 [-2.0008059461533367] [-57.48254629253843]
10 20 3.8070151487806987 3.239272405617366 [-2.0008059461533367] [-57.48254629253843]
10 30 3.7787705637097573 3.043580694251384 [-2.0008059461533367] [-57.48254629253843]
10 40 3.7696314570809832 2.938528369514571 [-2.0008059461533367] [-57.48254629253843]
10 50 3.7588210418414043 2.8857354673310214 [-2.0008059461533367] [-57.48254629253843]
10 60 3.7482068439838105 2.8349313033443435 [-2.0008059461533367] [-57.48254629253843]
10 70 3.73761078421914 2.7956073095320884 [-2.0008059461533367] [-57.48254629253843]
10 80 3.7299036733332662 2.7505930685174422 [-2.0008059461533367] [-57.48254629253843]
10 90 3.73869022354721 2.7327886060973277 [-2.0008059461533367] [-57.48254629253843]
10 99 3.7400059282842637 2.7196419597434263 [-2.0008059461533367] [-57.48254629253843]
