6 10 4.08674639182801 3.7667886107053947 [-3.6477740427263603] [-36.53183481623855]
6 20 4.039797110205451 3.4635497252707443 [-3.6477740427263603] [-36.53183481623855]
6 30 4.046343956242061 3.3452066582778874 [-3.6477740427263603] [-36.53183481623855]
6 40 4.049282789881417 3.279554969722121 [-3.6477740427263603] [-36.53183481623855]
6 50 4.054638814393508 3.2562701051261183 [-3.6477740427263603] [-36.53183481623855]
6 60 4.0372658021501575 3.2306611811977786 [-3.6477740427263603] [-36.53183481623855]
6 70 4.036015662381373 3.213952361152789 [-3.6477740427263603] [-36.53183481623855]
6 80 4.041774958066981 3.2125580313227546 [-3.6477740427263603] [-36.53183481623855]
6 90 4.04389176368149 3.2086628527875862 [-3.6477740427263603] [-36.53183481623855]
6 99 4.0437234228783945 3.198276014417118 [-3.6477740427263603] [-36.53183481623855]
