0 10 11.397177128044218 12.041810953439027 [inf] [inf]
0 20 11.320602596746873 11.526610739305578 [inf] [inf]
0 30 11.31523343302338 11.338974898409585 [inf] [inf]
0 40 11.318045976106227 11.246876143695086 [inf] [inf]
0 50 11.3194506238225 11.195207772731743 [inf] [inf]
0 60 11.323592122616159 11.163257697670069 [inf] [inf]
0 70 11.324152242458261 11.141525381745819 [inf] [inf]
0 80 11.32325744781996 11.123052730875745 [inf] [inf]
0 90 11.322598291518611 11.105641190287503 [inf] [inf]
0 99 11.32177503954692 11.090479528564435 [inf] [inf]
