15 10 3.970737001717488 4.377588866086031 [-1.5495756803620602] [-117.64114800630396]
15 20 3.782895626222609 3.582383488690476 [-1.5495756803620602] [-117.64114800630396]
15 30 3.7785034326051328 3.2385051211789797 [-1.5495756803620602] [-117.64114800630396]
15 40 3.7807209744500656 3.0487112286314684 [-1.5495756803620602] [-117.64114800630396]
15 50 3.7880001567184203 2.953062492133821 [-1.5495756803620602] [-117.64114800630396]
15 60 3.8021124690031622 2.876438593397936 [-1.5495756803620602] [-117.64114800630396]
15 70 3.780886561885832 2.820076241157602 [-1.5495756803620602] [-117.64114800630396]
15 80 3.77553359665754 2.7716744890086753 [-1.5495756803620602] [-117.64114800630396]
15 90 3.7741414644892655 2.726923623513858 [-1.5495756803620602] [-117.64114800630396]
15 99 3.766278148964015 2.6934953954629024 [-1.5495756803620602] [-117.64114800630396]
