7 10 4.042030382408017 3.749507705996929 [-2.891558752431345] [-39.39259950566326]
7 20 3.956108727539217 3.381347360242944 [-2.891558752431345] [-39.39259950566326]
7 30 3.9245544042936373 3.252154662341744 [-2.891558752431345] [-39.39259950566326]
7 40 3.9169160400293945 3.1717663548277346 [-2.891558752431345] [-39.39259950566326]
7 50 3.912285923054626 3.116295055889063 [-2.891558752431345] [-39.39259950566326]
7 60 3.9076517205155907 3.0765913139887937 [-2.891558752431345] [-39.39259950566326]
7 70 3.905331663195412 3.045165989625803 [-2.891558752431345] [-39.39259950566326]
7 80 3.900974627501486 3.021827129404355 [-2.891558752431345] [-39.39259950566326]
7 90 3.8966308791176973 3.004818302246828 [-2.891558752431345] [-39.39259950566326]
7 99 3.899309383318498 2.990067893388479 [-2.891558752431345] [-39.39259950566326]
