16 10 4.072559043862464 4.76867169958841 [-1.5145556841800978] [-131.9230655710214]
16 20 3.9314670906209037 3.8832001022783276 [-1.5145556841800978] [-131.9230655710214]
16 30 3.882846274558805 3.4785842952292025 [-1.5145556841800978] [-131.9230655710214]
16 40 3.871694144187306 3.238758506560649 [-1.5145556841800978] [-131.9230655710214]
16 50 3.8503227935093207 3.0862425419702273 [-1.5145556841800978] [-131.9230655710214]
16 60 3.8476014013505186 2.985060669072575 [-1.5145556841800978] [-131.9230655710214]
16 70 3.8425576146596674 2.9130902587192353 [-1.5145556841800978] [-131.9230655710214]
16 80 3.8398482715237736 2.8514444746011076 [-1.5145556841800978] [-131.9230655710214]
16 90 3.83725611775497 2.8081252294820147 [-1.5145556841800978] [-131.9230655710214]
16 99 3.834682808826613 2.771623773029868 [-1.5145556841800978] [-131.9230655710214]
