4 10 4.42741147344836 4.514442212634573 [-5.3839905384810995] [-156.88630769565628]
4 20 4.382708695217944 4.098007084723034 [-5.3839905384810995] [-156.88630769565628]
4 30 4.373249900865795 3.918557563537344 [-5.3839905384810995] [-156.88630769565628]
4 40 4.35947604183548 3.8187423909165217 [-5.3839905384810995] [-156.88630769565628]
4 50 4.35472449252632 3.757486184627758 [-5.3839905384810995] [-156.88630769565628]
4 60 4.362201482058061 3.72742352164721 [-5.3839905384810995] [-156.88630769565628]
4 70 4.363935799051532 3.7111500895371186 [-5.3839905384810995] [-156.88630769565628]
4 80 4.3613618795763065 3.6901672307685276 [-5.3839905384810995] [-156.88630769565628]
4 90 4.359667417644084 3.6701218605528987 [-5.3839905384810995] [-156.88630769565628]
4 99 4.356594063989426 3.654362717778926 [-5.3839905384810995] [-156.88630769565628]
