6 10 4.026239139034498 4.758597745419679 [-3.0204791654190224] [-265.02952485642936]
6 20 4.0143429490246545 3.9879167560855486 [-3.0204791654190224] [-265.02952485642936]
6 30 3.99283356730635 3.688509227179038 [-3.0204791654190224] [-265.02952485642936]
6 40 3.9796050036001205 3.529088788611959 [-3.0204791654190224] [-265.02952485642936]
6 50 3.9626136498737723 3.421829516568045 [-3.0204791654190224] [-265.02952485642936]
6 60 3.959732184419663 3.3541770200517758 [-3.0204791654190224] [-265.02952485642936]
6 70 3.966722921242565 3.31056647474546 [-3.0204791654190224] [-265.02952485642936]
6 80 3.9630686039126313 3.274889886808636 [-3.0204791654190224] [-265.02952485642936]
6 90 3.955572940943547 3.244451750473731 [-3.0204791654190224] [-265.02952485642936]
6 99 3.9540369879809387 3.2253106801606637 [-3.0204791654190224] [-265.02952485642936]
