8 10 3.9196331937171296 4.349178800809392 [-2.335355685653277] [-284.1831463303244]
8 20 3.820283301416129 3.6387093926334853 [-2.335355685653277] [-284.1831463303244]
8 30 3.8195761032966495 3.3653753713164023 [-2.335355685653277] [-284.1831463303244]
8 40 3.8266984403795608 3.2305238256945255 [-2.335355685653277] [-284.1831463303244]
8 50 3.8143752563801128 3.1378430946385465 [-2.335355685653277] [-284.1831463303244]
8 60 3.8071645326963552 3.0746067357255815 [-2.335355685653277] [-284.1831463303244]
8 70 3.8005684317517634 3.0355422118962965 [-2.335355685653277] [-284.1831463303244]
8 80 3.7919641288152994 3.0039979934737056 [-2.335355685653277] [-284.1831463303244]
8 90 3.7924631944743368 2.982338366692297 [-2.335355685653277] [-284.1831463303244]
8 99 3.7871653210593847 2.9549410789729422 [-2.335355685653277] [-284.1831463303244]
