2 10 6.028690249636576 5.85319283633153 [-14.828714927879158] [-82.22906631633138]
2 20 6.013165979826039 5.682896388804563 [-14.828714927879158] [-82.22906631633138]
2 30 6.010725133306364 5.629091325585078 [-14.828714927879158] [-82.22906631633138]
2 40 6.011031005332991 5.604256946653585 [-14.828714927879158] [-82.22906631633138]
2 50 6.01106540202471 5.588729341404836 [-14.828714927879158] [-82.22906631633138]
2 60 6.008555130501362 5.57277519641827 [-14.828714927879158] [-82.22906631633138]
2 70 6.006846334868025 5.560572959794137 [-14.828714927879158] [-82.22906631633138]
2 80 6.006357069949235 5.560534125020007 [-14.828714927879158] [-82.22906631633138]
2 90 6.002014620932179 5.553509169301953 [-14.828714927879158] [-82.22906631633138]
2 99 6.003792380020787 5.546682593630001 [-14.828714927879158] [-82.22906631633138]
