0 10 11.265281592287973 11.179652823388334 [inf] [inf]
0 20 11.262192367257962 11.071390110004112 [inf] [inf]
0 30 11.261496262088937 11.03707234870838 [inf] [inf]
0 40 11.2639975245418 11.018063579367244 [inf] [inf]
0 50 11.260469965360059 11.00389700968408 [inf] [inf]
0 60 11.259907995600525 10.99749610654958 [inf] [inf]
0 70 11.261887931760924 10.990232569296694 [inf] [inf]
0 80 11.261463281634624 10.986198100918907 [inf] [inf]
0 90 11.257822250396755 10.984252472667285 [inf] [inf]
0 99 11.258234895458472 10.981727324627165 [inf] [inf]
