1 10 7.694541231527329 7.596378864778904 [-33.069269084862356] [-93.43706071696457]
1 20 7.676233175154824 7.401920427635566 [-33.069269084862356] [-93.43706071696457]
1 30 7.669846570995933 7.338062787607553 [-33.069269084862356] [-93.43706071696457]
1 40 7.670923694937883 7.312116873227602 [-33.069269084862356] [-93.43706071696457]
1 50 7.670383686558405 7.291815197054998 [-33.069269084862356] [-93.43706071696457]
1 60 7.665786263924107 7.2819424425432775 [-33.069269084862356] [-93.43706071696457]
1 70 7.6653992477804 7.279136160002973 [-33.069269084862356] [-93.43706071696457]
1 80 7.66785329874893 7.275450958247385 [-33.069269084862356] [-93.43706071696457]
1 90 7.670596619796979 7.27361639000041 [-33.069269084862356] [-93.43706071696457]
1 99 7.674455653258439 7.2750084368341525 [-33.069269084862356] [-93.43706071696457]
