3 10 4.931032313370967 4.784094919871557 [-9.174606367735954] [-108.23930374774072]
3 20 4.958107265354147 4.558991501364843 [-9.174606367735954] [-108.23930374774072]
3 30 4.956002422177238 4.4675192107617105 [-9.174606367735954] [-108.23930374774072]
3 40 4.95934622219445 4.418083897943436 [-9.174606367735954] [-108.23930374774072]
3 50 4.96464034366628 4.408068223465417 [-9.174606367735954] [-108.23930374774072]
3 60 4.955727319466446 4.392473935095828 [-9.174606367735954] [-108.23930374774072]
3 70 4.949994009381768 4.383561929883905 [-9.174606367735954] [-108.23930374774072]
3 80 4.949057196865676 4.374112552181444 [-9.174606367735954] [-108.23930374774072]
3 90 4.950166861499887 4.365197097433778 [-9.174606367735954] [-108.23930374774072]
3 99 4.950397586014022 4.358101169203362 [-9.174606367735954] [-108.23930374774072]
