5 10 4.2232606488802125 4.431091410573724 [-3.529991546196133] [-205.33834937902046]
5 20 4.102898211522219 3.8893352189116497 [-3.529991546196133] [-205.33834937902046]
5 30 4.055072750947447 3.6485543220264622 [-3.529991546196133] [-205.33834937902046]
5 40 4.031954892981841 3.508956230856817 [-3.529991546196133] [-205.33834937902046]
5 50 4.036488392268634 3.4274221224854915 [-3.529991546196133] [-205.33834937902046]
5 60 4.02556785533297 3.3737897709765954 [-3.529991546196133] [-205.33834937902046]
5 70 4.0224151303174835 3.3367639331369805 [-3.529991546196133] [-205.33834937902046]
5 80 4.027387337937008 3.3103864568745056 [-3.529991546196133] [-205.33834937902046]
5 90 4.0281522424258425 3.290141070113958 [-3.529991546196133] [-205.33834937902046]
5 99 4.028586060590389 3.268191923920419 [-3.529991546196133] [-205.33834937902046]
