7 10 4.0864144345588365 4.714605897408829 [-2.5891638959675416] [-290.2340131301358]
7 20 3.9601344595961976 3.922407449888441 [-2.5891638959675416] [-290.2340131301358]
7 30 3.9140955038596483 3.584572568649546 [-2.5891638959675416] [-290.2340131301358]
7 40 3.8935705654006036 3.4113953178808316 [-2.5891638959675416] [-290.2340131301358]
7 50 3.8955042834162623 3.2983001391595077 [-2.5891638959675416] [-290.2340131301358]
7 60 3.8889663273556185 3.2121022424078878 [-2.5891638959675416] [-290.2340131301358]
7 70 3.880641890770354 3.1543034560532326 [-2.5891638959675416] [-290.2340131301358]
7 80 3.876542198889708 3.1135901194198814 [-2.5891638959675416] [-290.2340131301358]
7 90 3.871440024569843 3.079037058921845 [-2.5891638959675416] [-290.2340131301358]
7 99 3.878299630023928 3.0567526074479714 [-2.5891638959675416] [-290.2340131301358]
