5 10 6.30395804119063 11.158543006329733 [-6.074138802275224] [-24046.298284613382]
5 20 6.015212727355028 8.702226008749816 [-6.074138802275224] [-24046.298284613382]
5 30 5.86698485480776 7.624885681706072 [-6.074138802275224] [-24046.298284613382]
5 40 5.769547809404423 6.998015385446726 [-6.074138802275224] [-24046.298284613382]
5 50 5.703215506436877 6.570720081953005 [-6.074138802275224] [-24046.298284613382]
5 60 5.666642709810484 6.2632041332436375 [-6.074138802275224] [-24046.298284613382]
5 70 5.565135842296779 6.02419750456774 [-6.074138802275224] [-24046.298284613382]
5 80 5.5256657709157535 5.828014476067123 [-6.074138802275224] [-24046.298284613382]
5 90 5.520408240311112 5.663290388774563 [-6.074138802275224] [-24046.298284613382]
5 99 5.510677293069684 5.5269203543068075 [-6.074138802275224] [-24046.298284613382]
