1 10 6.3789492634075255 10.802240810080605 [-13.602877411720089] [-11875.317254503141]
1 20 6.203556500748117 8.545153218023247 [-13.602877411720089] [-11875.317254503141]
1 30 6.1758571841704315 7.606367359584253 [-13.602877411720089] [-11875.317254503141]
1 40 6.158453550294713 7.091533394232458 [-13.602877411720089] [-11875.317254503141]
1 50 6.153277106342005 6.758392373162446 [-13.602877411720089] [-11875.317254503141]
1 60 6.147780558016733 6.525339841698049 [-13.602877411720089] [-11875.317254503141]
1 70 6.15628306941591 6.356217927215297 [-13.602877411720089] [-11875.317254503141]
1 80 6.148334538198647 6.22852368564493 [-13.602877411720089] [-11875.317254503141]
1 90 6.150455975370888 6.125652101071361 [-13.602877411720089] [-11875.317254503141]
1 99 6.150451226371622 6.039999793074054 [-13.602877411720089] [-11875.317254503141]
