2 10 6.295386536824957 9.82571645147634 [-9.03285285858897] [-12735.080915682403]
2 20 6.156096695970639 7.9022353580502696 [-9.03285285858897] [-12735.080915682403]
2 30 5.960330699214931 7.060376994836854 [-9.03285285858897] [-12735.080915682403]
2 40 5.907256092814948 6.575417076739977 [-9.03285285858897] [-12735.080915682403]
2 50 5.91011637669913 6.252345419925024 [-9.03285285858897] [-12735.080915682403]
2 60 5.875790011458864 6.016366892704485 [-9.03285285858897] [-12735.080915682403]
2 70 5.881341519688134 5.837324631408623 [-9.03285285858897] [-12735.080915682403]
2 80 5.825884429356534 5.694001647941034 [-9.03285285858897] [-12735.080915682403]
2 90 5.812335545496077 5.573899374900723 [-9.03285285858897] [-12735.080915682403]
2 99 5.798796946797233 5.47381699482005 [-9.03285285858897] [-12735.080915682403]
