0 10 7.178982536055878 8.826755589728345 [inf] [inf]
0 20 7.057436477877223 7.701730491393979 [inf] [inf]
0 30 7.0267613297921345 7.268713279643682 [inf] [inf]
0 40 7.025546943794738 7.036307102718465 [inf] [inf]
0 50 7.025125906106531 6.895361253766483 [inf] [inf]
0 60 7.023789466779655 6.802530905860373 [inf] [inf]
0 70 7.017355779681924 6.732339452140635 [inf] [inf]
0 80 7.016060492363691 6.679777007750481 [inf] [inf]
0 90 7.015121145109833 6.637989642087571 [inf] [inf]
0 99 7.013914933932726 6.608347062970852 [inf] [inf]
