6 10 6.51606710763879 13.461394118290025 [-4.628453570445531] [-28031.41024282224]
6 20 5.891158629884798 10.191550864419124 [-4.628453570445531] [-28031.41024282224]
6 30 5.771922535005545 8.749983402082359 [-4.628453570445531] [-28031.41024282224]
6 40 5.634509515398991 7.9045849550456255 [-4.628453570445531] [-28031.41024282224]
6 50 5.56428522586159 7.32942034913994 [-4.628453570445531] [-28031.41024282224]
6 60 5.538958277006485 6.916464151564624 [-4.628453570445531] [-28031.41024282224]
6 70 5.519461729024437 6.599173136855407 [-4.628453570445531] [-28031.41024282224]
6 80 5.4821377297581675 6.344312621584681 [-4.628453570445531] [-28031.41024282224]
6 90 5.493387751107167 6.132775057286461 [-4.628453570445531] [-28031.41024282224]
6 99 5.477786615769105 5.957609322773652 [-4.628453570445531] [-28031.41024282224]
