3 10 6.265495036554647 10.126144367586964 [-6.283967792278988] [-12883.472719555833]
3 20 5.951338569549145 8.006839588563759 [-6.283967792278988] [-12883.472719555833]
3 30 5.714603024323646 7.082473159368513 [-6.283967792278988] [-12883.472719555833]
3 40 5.66048755252997 6.532208242796578 [-6.283967792278988] [-12883.472719555833]
3 50 5.608661998998733 6.159047440831553 [-6.283967792278988] [-12883.472719555833]
3 60 5.604498367465051 5.888785386633447 [-6.283967792278988] [-12883.472719555833]
3 70 5.56130145338231 5.685526992899838 [-6.283967792278988] [-12883.472719555833]
3 80 5.483095080223349 5.51852728293893 [-6.283967792278988] [-12883.472719555833]
3 90 5.446233360043782 5.375390885473452 [-6.283967792278988] [-12883.472719555833]
3 99 5.373941304262833 5.254236636717834 [-6.283967792278988] [-12883.472719555833]
