8 10 6.560813906659086 14.653405973647814 [-3.280068240097216] [-36970.9163365085]
8 20 5.531283008169303 10.921952968908489 [-3.280068240097216] [-36970.9163365085]
8 30 5.295869831419221 9.237037081062425 [-3.280068240097216] [-36970.9163365085]
8 40 5.187021892164436 8.237527293734432 [-3.280068240097216] [-36970.9163365085]
8 50 5.095555657113291 7.54803623475105 [-3.280068240097216] [-36970.9163365085]
8 60 4.906865178119372 7.032105295265334 [-3.280068240097216] [-36970.9163365085]
8 70 4.931639349105566 6.626669109078185 [-3.280068240097216] [-36970.9163365085]
8 80 4.87083885108702 6.305687361087986 [-3.280068240097216] [-36970.9163365085]
8 90 4.8625295250016585 6.038827752399848 [-3.280068240097216] [-36970.9163365085]
8 99 4.881269777198034 5.81694819778147 [-3.280068240097216] [-36970.9163365085]
