4 10 6.574438678450679 11.397895667042475 [-6.9064212138612255] [-18488.513266193684]
4 20 5.802613746966927 8.83565227966447 [-6.9064212138612255] [-18488.513266193684]
4 30 5.5791090444785905 7.676216514955803 [-6.9064212138612255] [-18488.513266193684]
4 40 5.416044990101642 6.980444158319134 [-6.9064212138612255] [-18488.513266193684]
4 50 5.383577841685671 6.502415964078361 [-6.9064212138612255] [-18488.513266193684]
4 60 5.347136862737234 6.157537831205173 [-6.9064212138612255] [-18488.513266193684]
4 70 5.278862196186225 5.885875261468574 [-6.9064212138612255] [-18488.513266193684]
4 80 5.2216201588690305 5.6663165433828775 [-6.9064212138612255] [-18488.513266193684]
4 90 5.226576464896259 5.482987286302625 [-6.9064212138612255] [-18488.513266193684]
4 99 5.193447760642511 5.329185218773961 [-6.9064212138612255] [-18488.513266193684]
