7 10 6.9662995779118395 16.209161640273543 [-3.8720961451517786] [-34838.04565276052]
7 20 5.717544795221223 12.031209993581562 [-3.8720961451517786] [-34838.04565276052]
7 30 5.5737218735929 10.158585324042583 [-3.8720961451517786] [-34838.04565276052]
7 40 5.395202137743543 9.046014585994063 [-3.8720961451517786] [-34838.04565276052]
7 50 5.278556296941522 8.281776294883928 [-3.8720961451517786] [-34838.04565276052]
7 60 5.141856465759404 7.707255699545977 [-3.8720961451517786] [-34838.04565276052]
7 70 5.066233672146223 7.257330709674802 [-3.8720961451517786] [-34838.04565276052]
7 80 4.976183482674287 6.890595459363503 [-3.8720961451517786] [-34838.04565276052]
7 90 4.920990063270531 6.586891004110245 [-3.8720961451517786] [-34838.04565276052]
7 99 4.895574969927075 6.3301426181937765 [-3.8720961451517786] [-34838.04565276052]
