2 10 5.718551592930198 6.14044853648329 [-13.430663131122728] [-98.07953280517232]
2 20 5.6714125678242535 5.715814985213692 [-13.430663131122728] [-98.07953280517232]
2 30 5.664989150520857 5.525781283889055 [-13.430663131122728] [-98.07953280517232]
2 40 5.662438100511333 5.421766127991241 [-13.430663131122728] [-98.07953280517232]
2 50 5.660399231184251 5.356848895497072 [-13.430663131122728] [-98.07953280517232]
2 60 5.657236220722162 5.312136711761883 [-13.430663131122728] [-98.07953280517232]
2 70 5.659366764189095 5.271074570376445 [-13.430663131122728] [-98.07953280517232]
2 80 5.657774593117424 5.243532851990246 [-13.430663131122728] [-98.07953280517232]
2 90 5.656733321838775 5.221138609123392 [-13.430663131122728] [-98.07953280517232]
2 99 5.659235119848199 5.2029946053009715 [-13.430663131122728] [-98.07953280517232]
