1 10 7.831364024931553 8.303843063770428 [-33.396884113440265] [-105.69762693851797]
1 20 7.768438623592808 7.860745906944994 [-33.396884113440265] [-105.69762693851797]
1 30 7.760713640215412 7.693181818092133 [-33.396884113440265] [-105.69762693851797]
1 40 7.766094440489422 7.6054461018551685 [-33.396884113440265] [-105.69762693851797]
1 50 7.765107825831681 7.548894848282957 [-33.396884113440265] [-105.69762693851797]
1 60 7.75806038638914 7.510193857207693 [-33.396884113440265] [-105.69762693851797]
1 70 7.75466542047575 7.483751138977882 [-33.396884113440265] [-105.69762693851797]
1 80 7.7561687848828305 7.464946916073939 [-33.396884113440265] [-105.69762693851797]
1 90 7.759438733323071 7.449633998945528 [-33.396884113440265] [-105.69762693851797]
1 99 7.758546711501328 7.435781359936004 [-33.396884113440265] [-105.69762693851797]
