18 10 4.513828026382464 8.465638961795447 [-1.8988175747051736] [-2191.8670732848136]
18 20 4.268017249956795 6.652848783870777 [-1.8988175747051736] [-2191.8670732848136]
18 30 4.2292345397207365 5.852715715820884 [-1.8988175747051736] [-2191.8670732848136]
18 40 4.232838653209868 5.3973281438036524 [-1.8988175747051736] [-2191.8670732848136]
18 50 4.185247056094951 5.073713706259428 [-1.8988175747051736] [-2191.8670732848136]
18 60 4.182735994222911 4.848855277925843 [-1.8988175747051736] [-2191.8670732848136]
18 70 4.1566389270936765 4.6898335900283294 [-1.8988175747051736] [-2191.8670732848136]
18 80 4.142616131727298 4.5544202204843245 [-1.8988175747051736] [-2191.8670732848136]
18 90 4.136115805843281 4.440529119694491 [-1.8988175747051736] [-2191.8670732848136]
18 99 4.121755214452607 4.337215251676675 [-1.8988175747051736] [-2191.8670732848136]
