10 10 3.7733069992706967 4.80052369601722 [-2.0593441661221408] [-133.01866961901274]
10 20 3.7046558430341148 4.139052307148199 [-2.0593441661221408] [-133.01866961901274]
10 30 3.6635287987902663 3.8445460432457312 [-2.0593441661221408] [-133.01866961901274]
10 40 3.6635488349886143 3.629400846451418 [-2.0593441661221408] [-133.01866961901274]
10 50 3.6564567184929775 3.475396434454594 [-2.0593441661221408] [-133.01866961901274]
10 60 3.6495911687327713 3.3503190633868907 [-2.0593441661221408] [-133.01866961901274]
10 70 3.6476629175566226 3.2674655865451845 [-2.0593441661221408] [-133.01866961901274]
10 80 3.64466275050515 3.200080461397729 [-2.0593441661221408] [-133.01866961901274]
10 90 3.6546780336825098 3.1506907645248905 [-2.0593441661221408] [-133.01866961901274]
10 99 3.658883978517316 3.106946011633135 [-2.0593441661221408] [-133.01866961901274]
