7 10 3.970863098514263 5.043999182070296 [-2.9078181418695124] [-106.01494054099041]
7 20 3.8889027522127964 4.2555567438825594 [-2.9078181418695124] [-106.01494054099041]
7 30 3.8669248723479566 3.890017186407924 [-2.9078181418695124] [-106.01494054099041]
7 40 3.86081764829105 3.686268496938133 [-2.9078181418695124] [-106.01494054099041]
7 50 3.8632313957671967 3.560713672282861 [-2.9078181418695124] [-106.01494054099041]
7 60 3.8621677337422446 3.4735452328220053 [-2.9078181418695124] [-106.01494054099041]
7 70 3.8648717858194934 3.4003861940833224 [-2.9078181418695124] [-106.01494054099041]
7 80 3.8648091964824296 3.3375063263068725 [-2.9078181418695124] [-106.01494054099041]
7 90 3.8640999645230036 3.2727870665680534 [-2.9078181418695124] [-106.01494054099041]
7 99 3.8682031894927156 3.2245144234471255 [-2.9078181418695124] [-106.01494054099041]
