8 10 3.914322400181223 4.988748325947944 [-2.6295116028545547] [-121.55695131417207]
8 20 3.816355399704564 4.188935532609065 [-2.6295116028545547] [-121.55695131417207]
8 30 3.8191709221849846 3.8019574519554618 [-2.6295116028545547] [-121.55695131417207]
8 40 3.8132847673848937 3.6180524520423907 [-2.6295116028545547] [-121.55695131417207]
8 50 3.8220492344115433 3.4911737359851323 [-2.6295116028545547] [-121.55695131417207]
8 60 3.822796884938386 3.4025586178212035 [-2.6295116028545547] [-121.55695131417207]
8 70 3.818369391492075 3.3437054370787243 [-2.6295116028545547] [-121.55695131417207]
8 80 3.808917291356021 3.2894228898685745 [-2.6295116028545547] [-121.55695131417207]
8 90 3.809958712226071 3.2439272150119947 [-2.6295116028545547] [-121.55695131417207]
8 99 3.8103590893465626 3.209953202067472 [-2.6295116028545547] [-121.55695131417207]
