17 10 4.398273538605322 7.87501160795168 [-1.7662607346208892] [-1913.0022617566112]
17 20 4.188701183814074 6.176555231185116 [-1.7662607346208892] [-1913.0022617566112]
17 30 4.157716563352577 5.471854840752684 [-1.7662607346208892] [-1913.0022617566112]
17 40 4.112835142877744 5.049932010392224 [-1.7662607346208892] [-1913.0022617566112]
17 50 4.112081114827978 4.7629569045521825 [-1.7662607346208892] [-1913.0022617566112]
17 60 4.100429305822538 4.552519512107468 [-1.7662607346208892] [-1913.0022617566112]
17 70 4.105803532228627 4.393823211660295 [-1.7662607346208892] [-1913.0022617566112]
17 80 4.1113888275366035 4.260602865344682 [-1.7662607346208892] [-1913.0022617566112]
17 90 4.110245706177208 4.151514954906851 [-1.7662607346208892] [-1913.0022617566112]
17 99 4.101275923816797 4.06716848446279 [-1.7662607346208892] [-1913.0022617566112]
