16 10 4.162791651345262 6.552836316652661 [-1.6303978301111195] [-835.5365692293954]
16 20 4.012093969357376 5.245873164375233 [-1.6303978301111195] [-835.5365692293954]
16 30 4.008811180530019 4.727550430789653 [-1.6303978301111195] [-835.5365692293954]
16 40 3.993250900759315 4.410606315984434 [-1.6303978301111195] [-835.5365692293954]
16 50 4.003647288031256 4.18974650201569 [-1.6303978301111195] [-835.5365692293954]
16 60 3.9909927270101537 4.036241246868179 [-1.6303978301111195] [-835.5365692293954]
16 70 3.9871182020182006 3.9230701155193417 [-1.6303978301111195] [-835.5365692293954]
16 80 3.9844105237566976 3.835111930273616 [-1.6303978301111195] [-835.5365692293954]
16 90 3.9752001149977443 3.7542542386782904 [-1.6303978301111195] [-835.5365692293954]
16 99 3.9732831395655834 3.683104394856771 [-1.6303978301111195] [-835.5365692293954]
