6 10 4.100381220860585 5.075468449874723 [-3.5673771561615837] [-92.77020194288919]
6 20 4.036396652227811 4.426677439823058 [-3.5673771561615837] [-92.77020194288919]
6 30 4.0328559823201715 4.128693025948478 [-3.5673771561615837] [-92.77020194288919]
6 40 4.0258526252575475 3.95087557086 [-3.5673771561615837] [-92.77020194288919]
6 50 4.014782679782957 3.814398590453069 [-3.5673771561615837] [-92.77020194288919]
6 60 4.0136036354695 3.711174912835708 [-3.5673771561615837] [-92.77020194288919]
6 70 4.016120565116546 3.6370336767573153 [-3.5673771561615837] [-92.77020194288919]
6 80 4.0110826584384744 3.5800572718742827 [-3.5673771561615837] [-92.77020194288919]
6 90 4.0102645613376495 3.5367671084722985 [-3.5673771561615837] [-92.77020194288919]
6 99 4.008457573269313 3.4975741063647416 [-3.5673771561615837] [-92.77020194288919]
