0 10 11.3044447318051 11.522745606717677 [inf] [inf]
0 20 11.277953327983015 11.293616789129434 [inf] [inf]
0 30 11.266671458126838 11.195785448223546 [inf] [inf]
0 40 11.262072725669183 11.141992295626899 [inf] [inf]
0 50 11.26046438104527 11.108002087300827 [inf] [inf]
0 60 11.258780390613598 11.080856334231513 [inf] [inf]
0 70 11.259317567530797 11.060091039708748 [inf] [inf]
0 80 11.259026097165673 11.043410733971458 [inf] [inf]
0 90 11.255456344155565 11.02976118285056 [inf] [inf]
0 99 11.257822847484464 11.019535016863243 [inf] [inf]
