19 10 4.468883207881741 9.023834424589756 [-1.9276994114725194] [-1961.1772194376413]
19 20 4.202303850542867 6.938346233849878 [-1.9276994114725194] [-1961.1772194376413]
19 30 4.158325603708865 5.97190561270929 [-1.9276994114725194] [-1961.1772194376413]
19 40 4.145917393561078 5.393552452198797 [-1.9276994114725194] [-1961.1772194376413]
19 50 4.157292786589189 5.011448695206553 [-1.9276994114725194] [-1961.1772194376413]
19 60 4.1625428229303605 4.748143163488852 [-1.9276994114725194] [-1961.1772194376413]
19 70 4.1687002172139245 4.543040089784913 [-1.9276994114725194] [-1961.1772194376413]
19 80 4.148539750080694 4.378066551207144 [-1.9276994114725194] [-1961.1772194376413]
19 90 4.141565280850373 4.238303057295364 [-1.9276994114725194] [-1961.1772194376413]
19 99 4.141251564855683 4.120070873421622 [-1.9276994114725194] [-1961.1772194376413]
