9 10 3.8719369690321934 5.04153911817703 [-2.4523351619831955] [-109.15069750800807]
9 20 3.797138071980959 4.350252026653461 [-2.4523351619831955] [-109.15069750800807]
9 30 3.794811857097114 3.9003418627640154 [-2.4523351619831955] [-109.15069750800807]
9 40 3.7874643834343034 3.638879644736516 [-2.4523351619831955] [-109.15069750800807]
9 50 3.7844507739670763 3.4860980240155044 [-2.4523351619831955] [-109.15069750800807]
9 60 3.77867096423718 3.378616807991342 [-2.4523351619831955] [-109.15069750800807]
9 70 3.7716525035229354 3.302472906686728 [-2.4523351619831955] [-109.15069750800807]
9 80 3.7718480360612667 3.2388817833234893 [-2.4523351619831955] [-109.15069750800807]
9 90 3.7753652265737787 3.1875440395022188 [-2.4523351619831955] [-109.15069750800807]
9 99 3.7726433053743365 3.1436765837715983 [-2.4523351619831955] [-109.15069750800807]
