11 10 3.841096355777846 5.3673914375344 [-2.0135136839370147] [-135.42493971145166]
11 20 3.6976429428705635 4.455674826315574 [-2.0135136839370147] [-135.42493971145166]
11 30 3.6805384843269398 3.9725736528918603 [-2.0135136839370147] [-135.42493971145166]
11 40 3.6678300859431037 3.695166742762231 [-2.0135136839370147] [-135.42493971145166]
11 50 3.6737157500154836 3.5350922363721273 [-2.0135136839370147] [-135.42493971145166]
11 60 3.674683436608004 3.413790540994472 [-2.0135136839370147] [-135.42493971145166]
11 70 3.6794130336038466 3.316438771024072 [-2.0135136839370147] [-135.42493971145166]
11 80 3.6805473911895996 3.2384893377683075 [-2.0135136839370147] [-135.42493971145166]
11 90 3.6833909626885806 3.1704702155326574 [-2.0135136839370147] [-135.42493971145166]
11 99 3.6764003464128048 3.112206957931885 [-2.0135136839370147] [-135.42493971145166]
