3 10 4.885484873213771 5.761630107491237 [-7.384580831553807] [-102.86460942457042]
3 20 4.8099226160626385 5.104099852601546 [-7.384580831553807] [-102.86460942457042]
3 30 4.820950969294518 4.794876140278186 [-7.384580831553807] [-102.86460942457042]
3 40 4.794084333435795 4.631429735674872 [-7.384580831553807] [-102.86460942457042]
3 50 4.793995419236271 4.51702127035613 [-7.384580831553807] [-102.86460942457042]
3 60 4.7799401829963495 4.434784114249393 [-7.384580831553807] [-102.86460942457042]
3 70 4.7752323825705565 4.375155111665997 [-7.384580831553807] [-102.86460942457042]
3 80 4.77608841099278 4.328082902921258 [-7.384580831553807] [-102.86460942457042]
3 90 4.7745641738282165 4.295485844945042 [-7.384580831553807] [-102.86460942457042]
3 99 4.774601011028415 4.2712814068454374 [-7.384580831553807] [-102.86460942457042]
