14 10 3.847422866781117 5.3768627884002225 [-1.679804914941183] [-381.7042720878029]
14 20 3.7788247384091016 4.389053004544114 [-1.679804914941183] [-381.7042720878029]
14 30 3.7779847336034025 3.977044769864769 [-1.679804914941183] [-381.7042720878029]
14 40 3.7579612292908204 3.7266657225933093 [-1.679804914941183] [-381.7042720878029]
14 50 3.726699817050258 3.5438199477934464 [-1.679804914941183] [-381.7042720878029]
14 60 3.7265068938778763 3.4085110790947466 [-1.679804914941183] [-381.7042720878029]
14 70 3.737712483543293 3.306782028890125 [-1.679804914941183] [-381.7042720878029]
14 80 3.7465598198709906 3.234072515004606 [-1.679804914941183] [-381.7042720878029]
14 90 3.752816864852592 3.17405804902153 [-1.679804914941183] [-381.7042720878029]
14 99 3.756507294344561 3.12222903481212 [-1.679804914941183] [-381.7042720878029]
