15 10 4.075307953727237 5.9101426417232545 [-1.63286151206248] [-550.0986652149875]
15 20 3.8584314271079694 4.7793431378391285 [-1.63286151206248] [-550.0986652149875]
15 30 3.860020715669921 4.340068361680909 [-1.63286151206248] [-550.0986652149875]
15 40 3.8497094342384814 4.106591093497692 [-1.63286151206248] [-550.0986652149875]
15 50 3.8313235894506996 3.9372977808618272 [-1.63286151206248] [-550.0986652149875]
15 60 3.8162207417832317 3.7954647667897636 [-1.63286151206248] [-550.0986652149875]
15 70 3.823138899106759 3.67655174722727 [-1.63286151206248] [-550.0986652149875]
15 80 3.8353129500764394 3.5928438047511593 [-1.63286151206248] [-550.0986652149875]
15 90 3.835573855688898 3.5301851373756636 [-1.63286151206248] [-550.0986652149875]
15 99 3.837784942234543 3.4786944501866426 [-1.63286151206248] [-550.0986652149875]
