12 10 3.8340901514773607 5.011211538452158 [-1.7830028777800122] [-155.32805232972117]
12 20 3.689347624340808 4.226860663349739 [-1.7830028777800122] [-155.32805232972117]
12 30 3.6741550736256126 3.814105487886191 [-1.7830028777800122] [-155.32805232972117]
12 40 3.6667895135435065 3.596678710965345 [-1.7830028777800122] [-155.32805232972117]
12 50 3.6734939815425327 3.4585539000222507 [-1.7830028777800122] [-155.32805232972117]
12 60 3.657553871694277 3.338572044694479 [-1.7830028777800122] [-155.32805232972117]
12 70 3.6492240845435373 3.242476174479741 [-1.7830028777800122] [-155.32805232972117]
12 80 3.6447121271307226 3.174447913974426 [-1.7830028777800122] [-155.32805232972117]
12 90 3.643432872465802 3.1188556785222454 [-1.7830028777800122] [-155.32805232972117]
12 99 3.6377798435125 3.0746903045129885 [-1.7830028777800122] [-155.32805232972117]
