4 10 4.541066200314131 5.307427813598545 [-5.390668867139951] [-91.92781808001402]
4 20 4.455949760310702 4.687703081531814 [-5.390668867139951] [-91.92781808001402]
4 30 4.442385627401563 4.451090910897885 [-5.390668867139951] [-91.92781808001402]
4 40 4.436670404482444 4.287000713977883 [-5.390668867139951] [-91.92781808001402]
4 50 4.427607444165711 4.1839219120375 [-5.390668867139951] [-91.92781808001402]
4 60 4.4315409452031815 4.1164998415707394 [-5.390668867139951] [-91.92781808001402]
4 70 4.429136238769874 4.065268814854097 [-5.390668867139951] [-91.92781808001402]
4 80 4.428138176059742 4.017270893483708 [-5.390668867139951] [-91.92781808001402]
4 90 4.420910205566563 3.9755375189590745 [-5.390668867139951] [-91.92781808001402]
4 99 4.421182460196436 3.9420919438164543 [-5.390668867139951] [-91.92781808001402]
