13 10 3.8169106229038494 4.9299254114551605 [-1.7189472636278957] [-240.2337777853344]
13 20 3.715135567805376 4.149709856495484 [-1.7189472636278957] [-240.2337777853344]
13 30 3.6844420883006324 3.835465369557596 [-1.7189472636278957] [-240.2337777853344]
13 40 3.6913160503785067 3.6297488086872147 [-1.7189472636278957] [-240.2337777853344]
13 50 3.6896904427390513 3.48237382363056 [-1.7189472636278957] [-240.2337777853344]
13 60 3.6823859692565803 3.3577519138746883 [-1.7189472636278957] [-240.2337777853344]
13 70 3.684917048636911 3.254330295916088 [-1.7189472636278957] [-240.2337777853344]
13 80 3.6816135781762473 3.1851203653089026 [-1.7189472636278957] [-240.2337777853344]
13 90 3.6777401078417884 3.12824413085939 [-1.7189472636278957] [-240.2337777853344]
13 99 3.670317603702948 3.0787919785881797 [-1.7189472636278957] [-240.2337777853344]
