5 10 4.211330509994986 4.6744272801660935 [-4.154499521132656] [-85.34300603666574]
5 20 4.155213461420767 4.072603537061769 [-4.154499521132656] [-85.34300603666574]
5 30 4.131677704067966 3.833187852537323 [-4.154499521132656] [-85.34300603666574]
5 40 4.134860819468353 3.682772672343593 [-4.154499521132656] [-85.34300603666574]
5 50 4.1427387448168105 3.5933639784936955 [-4.154499521132656] [-85.34300603666574]
5 60 4.133905959918795 3.532077886218491 [-4.154499521132656] [-85.34300603666574]
5 70 4.133713292221283 3.4837267683063997 [-4.154499521132656] [-85.34300603666574]
5 80 4.13870991065847 3.448957838511421 [-4.154499521132656] [-85.34300603666574]
5 90 4.137878217146581 3.425115528621323 [-4.154499521132656] [-85.34300603666574]
5 99 4.1370911318171935 3.410128090884046 [-4.154499521132656] [-85.34300603666574]
