1 10 5.8055371669356175 8.977365678417888 [-10.926394405393014] [-5682.294523856864]
1 20 5.663247462614128 7.18083100814998 [-10.926394405393014] [-5682.294523856864]
1 30 5.6384527385211465 6.465690140340793 [-10.926394405393014] [-5682.294523856864]
1 40 5.617184176170071 6.0745428105252754 [-10.926394405393014] [-5682.294523856864]
1 50 5.625539945271806 5.822856677771964 [-10.926394405393014] [-5682.294523856864]
1 60 5.621226724816091 5.6504935112781665 [-10.926394405393014] [-5682.294523856864]
1 70 5.6279512129601645 5.520371115048966 [-10.926394405393014] [-5682.294523856864]
1 80 5.61554993904122 5.424436398391767 [-10.926394405393014] [-5682.294523856864]
1 90 5.614393464703331 5.352371224835302 [-10.926394405393014] [-5682.294523856864]
1 99 5.616653865735523 5.292318761654029 [-10.926394405393014] [-5682.294523856864]
