7 10 4.731310920827116 6.787631372737173 [-0.5435889865522889] [-3604.3887697688174]
7 20 4.594847823844219 5.3508951612618745 [-0.5435889865522889] [-3604.3887697688174]
7 30 4.4773554266666205 4.701614853789244 [-0.5435889865522889] [-3604.3887697688174]
7 40 4.34945612193949 4.300548440062681 [-0.5435889865522889] [-3604.3887697688174]
7 50 4.319133481852704 4.0145707851403865 [-0.5435889865522889] [-3604.3887697688174]
7 60 4.288085342567976 3.8069013630451445 [-0.5435889865522889] [-3604.3887697688174]
7 70 4.278318142020151 3.651077308209115 [-0.5435889865522889] [-3604.3887697688174]
7 80 4.257365359141534 3.5221852052484754 [-0.5435889865522889] [-3604.3887697688174]
7 90 4.26993044876545 3.415756615232016 [-0.5435889865522889] [-3604.3887697688174]
7 99 4.247204286202552 3.327837234847694 [-0.5435889865522889] [-3604.3887697688174]
