0 10 7.149045663027101 8.1388417679057 [inf] [inf]
0 20 7.062298169023889 7.325454189327728 [inf] [inf]
0 30 7.039078299244534 7.005381413631603 [inf] [inf]
0 40 7.024674068519102 6.828818627349001 [inf] [inf]
0 50 7.02205445913077 6.7225165914828535 [inf] [inf]
0 60 7.020182563556774 6.649814829911532 [inf] [inf]
0 70 7.010526374592469 6.595614427367924 [inf] [inf]
0 80 7.011815248888281 6.557783825805583 [inf] [inf]
0 90 7.009913078668457 6.5278811626009485 [inf] [inf]
0 99 7.0073631074401135 6.50913077586003 [inf] [inf]
