8 10 5.403501387658191 7.572633086894373 [-0.6030947262794304] [-4958.869641696149]
8 20 5.046507672059135 6.064491715422118 [-0.6030947262794304] [-4958.869641696149]
8 30 4.9399140901666865 5.376933404572094 [-0.6030947262794304] [-4958.869641696149]
8 40 4.8873704954016866 4.97279897583081 [-0.6030947262794304] [-4958.869641696149]
8 50 4.846371331423279 4.684748768814682 [-0.6030947262794304] [-4958.869641696149]
8 60 4.792291028879924 4.470900550542539 [-0.6030947262794304] [-4958.869641696149]
8 70 4.755070195503824 4.304266596999908 [-0.6030947262794304] [-4958.869641696149]
8 80 4.712557651446446 4.167146496481608 [-0.6030947262794304] [-4958.869641696149]
8 90 4.678877756654703 4.05166615168569 [-0.6030947262794304] [-4958.869641696149]
8 99 4.666820015399047 3.9517736247717083 [-0.6030947262794304] [-4958.869641696149]
