6 10 4.789733190812248 6.8976869735634425 [-0.6662028950453123] [-3711.960755620999]
6 20 4.51710188477788 5.395179491230268 [-0.6662028950453123] [-3711.960755620999]
6 30 4.399683174239837 4.727358123607832 [-0.6662028950453123] [-3711.960755620999]
6 40 4.26683623820234 4.313153914790423 [-0.6662028950453123] [-3711.960755620999]
6 50 4.175081057320144 4.013908529989771 [-0.6662028950453123] [-3711.960755620999]
6 60 4.178442424995488 3.7854736451350437 [-0.6662028950453123] [-3711.960755620999]
6 70 4.150493805276748 3.6086052756278724 [-0.6662028950453123] [-3711.960755620999]
6 80 4.143790368338123 3.4754948664871703 [-0.6662028950453123] [-3711.960755620999]
6 90 4.131764197444385 3.3647525322398026 [-0.6662028950453123] [-3711.960755620999]
6 99 4.130702583249474 3.272078272965608 [-0.6662028950453123] [-3711.960755620999]
