9 10 5.549256053753271 8.50687738481242 [-1.495404146978494] [-5801.738698713129]
9 20 5.239878169880503 6.729220728357108 [-1.495404146978494] [-5801.738698713129]
9 30 5.110697021536837 5.938626240795531 [-1.495404146978494] [-5801.738698713129]
9 40 5.0139537978270505 5.46220922499019 [-1.495404146978494] [-5801.738698713129]
9 50 4.972824595638724 5.15471806995694 [-1.495404146978494] [-5801.738698713129]
9 60 4.9565315455230055 4.923997970162629 [-1.495404146978494] [-5801.738698713129]
9 70 4.940537526818061 4.740210294074924 [-1.495404146978494] [-5801.738698713129]
9 80 4.92558092262502 4.592030114916882 [-1.495404146978494] [-5801.738698713129]
9 90 4.898096770761809 4.475668929761151 [-1.495404146978494] [-5801.738698713129]
9 99 4.876882243663883 4.376181049356264 [-1.495404146978494] [-5801.738698713129]
