4 10 4.825955228034303 7.207678409063981 [-2.158250867955386] [-4293.373664432352]
4 20 4.647939132645707 5.6676807609644175 [-2.158250867955386] [-4293.373664432352]
4 30 4.581547977401519 4.983597338978324 [-2.158250867955386] [-4293.373664432352]
4 40 4.4672624378251236 4.566659102352233 [-2.158250867955386] [-4293.373664432352]
4 50 4.441902150796743 4.2799134442799645 [-2.158250867955386] [-4293.373664432352]
4 60 4.416030381893713 4.071807907079114 [-2.158250867955386] [-4293.373664432352]
4 70 4.425282151304414 3.9101187020830745 [-2.158250867955386] [-4293.373664432352]
4 80 4.40748497727319 3.785213941763752 [-2.158250867955386] [-4293.373664432352]
4 90 4.4014972076737315 3.6865901587854415 [-2.158250867955386] [-4293.373664432352]
4 99 4.385851489349763 3.615272331612675 [-2.158250867955386] [-4293.373664432352]
