5 10 4.811997082491886 6.108284666589054 [-1.0688960314141132] [-4027.198349719026]
5 20 4.580673035762848 4.929830388983268 [-1.0688960314141132] [-4027.198349719026]
5 30 4.439331007561775 4.379805508195952 [-1.0688960314141132] [-4027.198349719026]
5 40 4.325031922346388 4.034751655612213 [-1.0688960314141132] [-4027.198349719026]
5 50 4.235055311094678 3.7775512773290507 [-1.0688960314141132] [-4027.198349719026]
5 60 4.228616236220858 3.5896670831199153 [-1.0688960314141132] [-4027.198349719026]
5 70 4.236507758405334 3.4540416088943227 [-1.0688960314141132] [-4027.198349719026]
5 80 4.227509092614332 3.3499513896652293 [-1.0688960314141132] [-4027.198349719026]
5 90 4.234679125189479 3.2636216155055644 [-1.0688960314141132] [-4027.198349719026]
5 99 4.220781747395269 3.189596897628053 [-1.0688960314141132] [-4027.198349719026]
