3 10 5.341234570676074 7.291693924744404 [-4.179846492711486] [-4638.7238317261435]
3 20 5.06093851351759 5.881435303835616 [-4.179846492711486] [-4638.7238317261435]
3 30 4.9526659318391095 5.253132771137913 [-4.179846492711486] [-4638.7238317261435]
3 40 4.872666161153274 4.880085538039476 [-4.179846492711486] [-4638.7238317261435]
3 50 4.846633450042671 4.63555334167843 [-4.179846492711486] [-4638.7238317261435]
3 60 4.829711990225348 4.455581303833474 [-4.179846492711486] [-4638.7238317261435]
3 70 4.7964945098331695 4.313497773266798 [-4.179846492711486] [-4638.7238317261435]
3 80 4.798168133121464 4.199915527845398 [-4.179846492711486] [-4638.7238317261435]
3 90 4.795016830246265 4.106699453487804 [-4.179846492711486] [-4638.7238317261435]
3 99 4.790989340428257 4.023126194297242 [-4.179846492711486] [-4638.7238317261435]
