2 10 5.445093813166748 7.789219916711615 [-6.497879645230326] [-4967.417691519115]
2 20 5.345911293458233 6.310791744516402 [-6.497879645230326] [-4967.417691519115]
2 30 5.305354539713972 5.699372675594788 [-6.497879645230326] [-4967.417691519115]
2 40 5.330743751748252 5.3566171925155315 [-6.497879645230326] [-4967.417691519115]
2 50 5.327633795672057 5.144958967152847 [-6.497879645230326] [-4967.417691519115]
2 60 5.340655937886964 5.005163615547761 [-6.497879645230326] [-4967.417691519115]
2 70 5.333016040641735 4.908454097389517 [-6.497879645230326] [-4967.417691519115]
2 80 5.328961901264338 4.83130865458976 [-6.497879645230326] [-4967.417691519115]
2 90 5.323715506671021 4.7641513575460515 [-6.497879645230326] [-4967.417691519115]
2 99 5.3248484789897415 4.707350943495491 [-6.497879645230326] [-4967.417691519115]
