5 10 4.2151969197344465 4.9606695017704485 [-0.6335247672679639] [-1074.250496897859]
5 20 4.11222227707137 3.961384826412878 [-0.6335247672679639] [-1074.250496897859]
5 30 4.022060993531658 3.5161727398852984 [-0.6335247672679639] [-1074.250496897859]
5 40 4.0053364849048245 3.260093627832865 [-0.6335247672679639] [-1074.250496897859]
5 50 4.0029789259411555 3.1239080561273918 [-0.6335247672679639] [-1074.250496897859]
5 60 3.9763096904574184 3.0195400242602624 [-0.6335247672679639] [-1074.250496897859]
5 70 3.9766053506601255 2.9360650545317974 [-0.6335247672679639] [-1074.250496897859]
5 80 3.9646156090191993 2.8641812367189163 [-0.6335247672679639] [-1074.250496897859]
5 90 3.948627492788427 2.7924797041222815 [-0.6335247672679639] [-1074.250496897859]
5 99 3.9465896195084027 2.729091303691859 [-0.6335247672679639] [-1074.250496897859]
