4 10 4.257197434511234 4.8429911349019825 [-1.0543185673847755] [-722.7797349245398]
4 20 4.087105986600985 3.948581629279095 [-1.0543185673847755] [-722.7797349245398]
4 30 4.010562210583678 3.5154951789753763 [-1.0543185673847755] [-722.7797349245398]
4 40 4.0199861085962985 3.266873543980387 [-1.0543185673847755] [-722.7797349245398]
4 50 4.020803186178089 3.117492082218475 [-1.0543185673847755] [-722.7797349245398]
4 60 4.006172186890388 3.031040357843538 [-1.0543185673847755] [-722.7797349245398]
4 70 4.01611082116353 2.9641878752798956 [-1.0543185673847755] [-722.7797349245398]
4 80 4.011230774747107 2.9093278917266545 [-1.0543185673847755] [-722.7797349245398]
4 90 3.9940703725142512 2.853573170120766 [-1.0543185673847755] [-722.7797349245398]
4 99 3.990367099982887 2.804368442861592 [-1.0543185673847755] [-722.7797349245398]
