2 10 4.581541340958356 4.592798308573627 [-4.93761177118908] [-420.63633542786476]
2 20 4.489138904495361 4.071450062193943 [-4.93761177118908] [-420.63633542786476]
2 30 4.494123734088296 3.880327601785349 [-4.93761177118908] [-420.63633542786476]
2 40 4.489191761526323 3.749820763986985 [-4.93761177118908] [-420.63633542786476]
2 50 4.496876667751309 3.6799030943739193 [-4.93761177118908] [-420.63633542786476]
2 60 4.50011360572756 3.6441628967332864 [-4.93761177118908] [-420.63633542786476]
2 70 4.492145555054076 3.612350891813168 [-4.93761177118908] [-420.63633542786476]
2 80 4.491381237693626 3.587646177171446 [-4.93761177118908] [-420.63633542786476]
2 90 4.496219283268913 3.565207172073466 [-4.93761177118908] [-420.63633542786476]
2 99 4.498024328288482 3.5463286565344845 [-4.93761177118908] [-420.63633542786476]
