3 10 4.189954009419873 4.217025933319532 [-2.185830576769366] [-534.1297456849162]
3 20 4.1494665458795925 3.578251301504212 [-2.185830576769366] [-534.1297456849162]
3 30 4.126859598063134 3.3077227610237463 [-2.185830576769366] [-534.1297456849162]
3 40 4.118001934786612 3.172211828216574 [-2.185830576769366] [-534.1297456849162]
3 50 4.1156237858375215 3.0975079637834044 [-2.185830576769366] [-534.1297456849162]
3 60 4.107139015702069 3.0333063818638735 [-2.185830576769366] [-534.1297456849162]
3 70 4.10381599583055 2.9815185062771263 [-2.185830576769366] [-534.1297456849162]
3 80 4.099636410096298 2.9422509305190387 [-2.185830576769366] [-534.1297456849162]
3 90 4.09657402157484 2.910741784099283 [-2.185830576769366] [-534.1297456849162]
3 99 4.09128187902651 2.889140392616306 [-2.185830576769366] [-534.1297456849162]
