7 10 4.286008308566594 5.152746930862815 [-0.48814071203428755] [-1229.4459098487707]
7 20 4.292378039809651 4.1800041271885044 [-0.48814071203428755] [-1229.4459098487707]
7 30 4.2296962000365905 3.754006319134863 [-0.48814071203428755] [-1229.4459098487707]
7 40 4.1893929980939655 3.5019741318697517 [-0.48814071203428755] [-1229.4459098487707]
7 50 4.137459886153982 3.3118038477400886 [-0.48814071203428755] [-1229.4459098487707]
7 60 4.129329362188549 3.161627468873633 [-0.48814071203428755] [-1229.4459098487707]
7 70 4.106996744966073 3.0575085249848053 [-0.48814071203428755] [-1229.4459098487707]
7 80 4.103867909972462 2.9719446914717853 [-0.48814071203428755] [-1229.4459098487707]
7 90 4.08132979802148 2.9002363571226133 [-0.48814071203428755] [-1229.4459098487707]
7 99 4.058163645972533 2.8293731286147614 [-0.48814071203428755] [-1229.4459098487707]
