6 10 4.439960938199394 5.184940359595024 [-0.5473290322913343] [-1128.4309723110482]
6 20 4.2224056090256505 4.211722293886534 [-0.5473290322913343] [-1128.4309723110482]
6 30 4.115446303082487 3.788194128040649 [-0.5473290322913343] [-1128.4309723110482]
6 40 4.090222175428938 3.529784179444122 [-0.5473290322913343] [-1128.4309723110482]
6 50 4.056073294365772 3.3398947783634 [-0.5473290322913343] [-1128.4309723110482]
6 60 4.033936345599968 3.196300669963276 [-0.5473290322913343] [-1128.4309723110482]
6 70 4.027720632864043 3.086519475365399 [-0.5473290322913343] [-1128.4309723110482]
6 80 4.008927968441134 2.989975128700503 [-0.5473290322913343] [-1128.4309723110482]
6 90 3.987333405346552 2.904302449388393 [-0.5473290322913343] [-1128.4309723110482]
6 99 3.9784875734505833 2.833785735227591 [-0.5473290322913343] [-1128.4309723110482]
