1 10 5.279392574502223 5.288883591131807 [-10.02197789661655] [-387.28585272702844]
1 20 5.235209955995435 4.902106376866067 [-10.02197789661655] [-387.28585272702844]
1 30 5.2235667060986 4.754364938624422 [-10.02197789661655] [-387.28585272702844]
1 40 5.228902363078413 4.689438245614126 [-10.02197789661655] [-387.28585272702844]
1 50 5.2385163613209285 4.649090251238572 [-10.02197789661655] [-387.28585272702844]
1 60 5.239768259341374 4.625155704107116 [-10.02197789661655] [-387.28585272702844]
1 70 5.2382050496219925 4.609481086738755 [-10.02197789661655] [-387.28585272702844]
1 80 5.233724124696447 4.59301334740978 [-10.02197789661655] [-387.28585272702844]
1 90 5.231816305160454 4.583696790399755 [-10.02197789661655] [-387.28585272702844]
1 99 5.230540942249189 4.568653275815258 [-10.02197789661655] [-387.28585272702844]
