0 10 8.16161496713501 8.009664401308964 [inf] [inf]
0 20 8.159953644025434 7.861060174292372 [inf] [inf]
0 30 8.163422529004672 7.81379491373715 [inf] [inf]
0 40 8.162659717349896 7.788075827523486 [inf] [inf]
0 50 8.160417669344175 7.7750448687531355 [inf] [inf]
0 60 8.160777507084816 7.76801760458314 [inf] [inf]
0 70 8.164156771737243 7.761307868877671 [inf] [inf]
0 80 8.16170399274668 7.757902243959626 [inf] [inf]
0 90 8.16048326669519 7.752473774515011 [inf] [inf]
0 99 8.160395627636172 7.749071706852561 [inf] [inf]
